2.80245 1.41913
2.7633 1.35388
2.82856 0.688313
2.64585 0.714414
2.6067 0.0619011
2.41095 -0.447059
2.26739 -0.864667
2.16299 -0.877717
2.00639 -1.17787
2.11079 -1.21702
2.11079 -1.20397
1.95419 -1.03432
1.94114 -1.03432
1.92809 -1.03432
1.92809 -1.00822
2.07164 -1.12567
1.92809 -1.02127
2.07164 -1.12567
2.07164 -1.13872
2.08469 -1.13872
2.08469 -1.15177
1.95419 -1.02127
2.08469 -1.15177
1.95419 -1.02127
1.95419 -1.03432
1.95419 -1.08652
1.99334 -1.07347
1.94114 -1.08652
1.99334 -1.07347
1.99334 -1.07347
1.99334 -1.07347
1.98029 -1.04737
1.99334 -1.07347
1.99334 -1.07347
1.99334 -1.07347
1.92809 -1.08652
1.99334 -1.07347
1.90199 -1.08652
1.91504 -1.08652
1.90199 -1.08652
1.92809 -1.08652
1.92809 -1.08652
1.92809 -1.08652
1.95419 -0.982119
1.99334 -1.07347
1.94114 -1.08652
1.99334 -1.07347
1.98029 -1.03432
1.99334 -1.07347
1.92809 -1.08652
1.99334 -1.07347
1.92809 -1.08652
1.92809 -1.08652
1.99334 -1.07347
1.91504 -1.08652
1.99334 -1.07347
1.95419 -0.99517
1.94114 -1.08652
1.99334 -1.07347
1.92809 -1.08652
1.92809 -1.08652
1.95419 -0.99517
1.90199 -1.08652
1.99334 -1.07347
1.90199 -1.08652
1.90199 -1.08652
1.99334 -1.07347
1.73233 -1.23007
1.69318 -1.37363
1.66708 -1.37363
1.52353 -1.24312
1.15812 -1.16482
1.13202 -1.15177
0.923218 -1.15177
0.884067 -1.08652
0.897117 -1.06042
0.897117 -1.06042
0.962369 -1.03432
0.884067 -1.07347
0.884067 -1.06042
0.897117 -1.06042
0.897117 -1.06042
0.897117 -1.06042
0.897117 -1.06042
0.897117 -1.06042
0.897117 -1.06042
0.897117 -1.06042
0.897117 -1.06042
0.897117 -1.06042
0.897117 -1.06042
0.897117 -1.06042
0.897117 -1.06042
0.897117 -1.06042
0.897117 -1.06042
0.884067 -1.06042
0.884067 -1.07347
0.897117 -1.06042
0.897117 -1.06042
0.975419 -1.00822
0.897117 -1.06042
0.923218 -1.02127
0.962369 -1.00822
0.923218 -1.04737
0.910168 -1.06042
0.897117 -1.06042
0.910168 -1.06042
0.910168 -1.06042
0.897117 -1.06042
0.884067 -1.07347
0.897117 -1.06042
0.910168 -1.06042
0.923218 -1.02127
0.897117 -1.06042
0.897117 -1.06042
0.884067 -1.07347
0.897117 -1.06042
0.884067 -1.07347
0.923218 -1.04737
0.884067 -1.07347
0.910168 -1.04737
0.923218 -1.03432
0.936268 -1.03432
0.936268 -1.02127
0.910168 -1.04737
0.884067 -1.07347
0.910168 -1.04737
0.936268 -1.02127
0.910168 -1.06042
0.910168 -1.06042
0.962369 -1.00822
0.910168 -1.06042
0.884067 -1.07347
0.910168 -1.04737
0.923218 -1.03432
0.884067 -1.07347
0.910168 -1.04737
0.884067 -1.07347
0.910168 -1.04737
0.884067 -1.06042
0.923218 -1.03432
0.884067 -1.07347
0.936268 -1.03432
0.897117 -1.06042
0.897117 -1.06042
0.897117 -1.06042
0.897117 -1.06042
0.897117 -1.06042
0.936268 -1.02127
0.923218 -1.02127
0.897117 -1.06042
0.936268 -1.02127
0.923218 -1.03432
0.936268 -1.02127
0.897117 -1.06042
0.962369 -1.02127
0.636112 -0.916868
0.557811 -0.838567
0.414258 -0.708064
0.244605 -0.434009
0.218504 -0.420958
-0.0555512 -0.329607
-0.107752 -0.173004
0.0488508 0.0358006
0.114102 0.0619011
-0.0686015 0.153253
-0.120803 0.153253
-0.0294507 0.101052
-0.0033502 0.00970005
0.0488508 -0.0164005
0.0619011 -0.0164005
-0.316556 -0.0164005
-0.316556 -0.0294507
-0.316556 -0.0294507
0.0488508 -0.0164005
0.0488508 -0.0164005
0.0488508 -0.0164005
-0.316556 -0.0294507
-0.329607 -0.0294507
-0.329607 -0.0294507
-0.329607 -0.0294507
0.0488508 -0.0164005
0.0488508 -0.0164005
0.0488508 -0.0164005
0.0488508 -0.0164005
0.0488508 -0.0164005
0.0488508 -0.0164005
0.0488508 -0.0164005
0.0488508 -0.0164005
0.0488508 -0.0164005
0.0488508 -0.0164005
0.0488508 -0.0164005
0.0488508 -0.0164005
0.0488508 -0.0164005
0.0488508 -0.0164005
0.0488508 -0.0164005
0.0488508 -0.0164005
0.0488508 -0.0164005
0.0488508 -0.0164005
0.0488508 -0.0164005
0.0488508 -0.0164005
0.0488508 -0.0164005
-0.329607 -0.0686015
0.0488508 -0.0164005
0.0488508 -0.0164005
-0.316556 -0.0686015
0.0488508 -0.0164005
0.0488508 -0.0164005
0.0488508 -0.0164005
0.0488508 -0.0164005
0.0488508 -0.0164005
0.0488508 -0.0164005
-0.329607 -0.0555512
-0.316556 -0.042501
0.0880016 0.0488508
-0.0294507 0.192404
-0.303506 -0.107752
-0.0164005 -0.186054
0.0227503 0.0227503
-0.133853 -0.0294507
-0.199104 -0.042501
0.0619011 -0.0164005
-0.0686015 -0.0686015
-0.0164005 -0.107752
0.0619011 0.114102
0.101052 0.0880016
0.153253 -0.120803
0.114102 0.0488508
0.0880016 0.0358006
0.153253 -0.146903
0.140203 -0.133853
0.0749513 0.0358006
0.0749513 0.0488508
0.0619011 0.0358006
0.244605 0.0227503
0.270705 0.0227503
-0.120803 -0.0033502
-0.120803 -0.0033502
-0.107752 -0.0164005
0.244605 -0.0033502
0.231554 -0.0033502
0.270705 0.00970005
0.257655 0.00970005
0.257655 0.00970005
0.257655 0.00970005
0.257655 -0.0033502
0.231554 -0.0294507
0.257655 -0.0164005
0.231554 -0.0164005
0.257655 -0.0164005
0.244605 -0.0164005
0.244605 -0.0164005
0.270705 -0.0164005
0.244605 -0.0294507
0.244605 -0.0294507
0.257655 -0.0164005
0.244605 -0.0164005
0.244605 -0.0164005
0.244605 -0.0164005
0.270705 -0.0033502
0.244605 -0.0033502
0.244605 0.00970005
0.244605 0.00970005
0.257655 0.00970005
0.257655 -0.0033502
0.270705 -0.0164005
0.270705 -0.0294507
-0.094702 -0.0555512
-0.107752 -0.042501
0.283755 -0.0294507
-0.0686015 -0.0555512
-0.173004 -0.0686015
-0.173004 -0.120803
-0.042501 0.140203
0.0227503 -0.146903
0.192404 -0.407908
-0.0164005 -0.52536
0.0358006 -0.642813
-0.107752 -1.03432
0.00970005 -1.07347
-0.0686015 -1.02127
-0.0686015 -1.02127
-0.120803 -1.03432
-0.042501 -1.00822
-0.0686015 -1.02127
-0.0686015 -1.02127
-0.120803 -1.00822
-0.120803 -1.02127
-0.0686015 -1.00822
0.00970005 -1.02127
0.00970005 -1.00822
-0.120803 -1.00822
0.00970005 -1.00822
0.00970005 -1.00822
-0.0555512 -1.02127
0.00970005 -1.00822
-0.0686015 -1.00822
-0.120803 -1.00822
-0.0686015 -1.02127
0.00970005 -1.00822
-0.120803 -1.00822
-0.120803 -1.00822
0.00970005 -1.00822
-0.0686015 -1.02127
-0.120803 -1.00822
-0.0686015 -1.00822
0.00970005 -1.00822
0.00970005 -1.00822
0.00970005 -1.02127
-0.120803 -1.00822
-0.0555512 -1.02127
-0.120803 -1.00822
-0.0164005 -1.02127
0.00970005 -1.02127
-0.120803 -1.00822
-0.120803 -1.00822
-0.120803 -1.00822
0.00970005 -1.00822
-0.0164005 -1.02127
0.00970005 -1.03432
-0.0686015 -1.00822
-0.0686015 -1.02127
0.00970005 -1.00822
-0.0686015 -1.02127
-0.120803 -1.00822
0.00970005 -1.00822
-0.0555512 -1.02127
-0.120803 -1.00822
-0.120803 -1.00822
-0.120803 -1.00822
-0.0686015 -1.00822
-0.0164005 -1.03432
-0.0033502 -1.02127
0.00970005 -1.02127
-0.120803 -1.00822
-0.120803 -1.00822
-0.120803 -1.00822
-0.0686015 -1.02127
-0.0294507 -1.02127
0.00970005 -1.02127
-0.120803 -1.02127
-0.120803 -1.02127
-0.120803 -1.02127
-0.0686015 -1.02127
-0.120803 -1.02127
-0.0686015 -1.02127
-0.0686015 -1.02127
-0.120803 -1.02127
-0.120803 -1.00822
-0.120803 -1.00822
0.00970005 -1.02127
-0.120803 -1.00822
-0.120803 -1.00822
-0.120803 -1.02127
-0.0686015 -1.00822
-0.120803 -1.00822
-0.133853 -1.02127
0.0488508 -1.17787
-0.0294507 -1.00822
-0.316556 -1.00822
-0.277406 -1.19092
-0.51231 -1.20397
-0.903818 -1.00822
-0.916868 -0.982119
-0.916868 -1.02127
-0.982119 -0.982119
-1.03432 -0.916868
-1.06042 -0.916868
-1.03432 -0.877717
-0.982119 -0.969069
-1.04737 -0.903818
-1.03432 -0.903818
-1.03432 -0.903818
-1.03432 -0.890768
-1.02127 -0.890768
-1.04737 -0.903818
-1.03432 -0.890768
-1.04737 -0.903818
-1.02127 -0.890768
-1.04737 -0.903818
-1.04737 -0.903818
-1.03432 -0.903818
-0.982119 -0.969069
-1.03432 -0.903818
-0.982119 -0.969069
-0.982119 -0.969069
-0.982119 -0.969069
-0.982119 -0.969069
-1.03432 -0.916868
-1.03432 -0.903818
-1.03432 -0.903818
-1.03432 -0.916868
-1.03432 -0.903818
-1.06042 -0.916868
-1.04737 -0.916868
-1.03432 -0.890768
-1.04737 -0.903818
-0.982119 -0.969069
-0.982119 -0.969069
-1.03432 -0.916868
-1.03432 -0.916868
-1.03432 -0.903818
-1.03432 -0.903818
-1.04737 -0.916868
-0.982119 -0.969069
-1.07347 -0.903818
-1.00822 -0.890768
-0.982119 -0.799416
-1.03432 -0.903818
-1.06042 -0.916868
-1.03432 -0.903818
-1.03432 -0.890768
-1.03432 -0.916868
-1.06042 -0.916868
-1.03432 -0.864667
-1.04737 -0.864667
-1.03432 -0.903818
-0.982119 -0.969069
-1.03432 -0.890768
-0.982119 -0.969069
-1.04737 -0.890768
-1.04737 -0.903818
-0.982119 -0.969069
-0.982119 -0.969069
-1.03432 -0.916868
-0.982119 -0.969069
-1.03432 -0.890768
-0.982119 -0.969069
-1.04737 -0.838567
-1.04737 -0.916868
-1.03432 -0.903818
-1.03432 -0.903818
-1.02127 -0.838567
-1.03432 -0.916868
-0.982119 -0.969069
-1.03432 -0.916868
-1.04737 -0.903818
-1.19092 -1.07347
-1.30838 -1.23007
-2.15664 -2.10444
-2.3002 -2.5873
-2.3002 -2.65255
-2.26104 -2.83526
-2.24799 -2.97881
-2.07834 -2.80916
-2.09139 -3.07016
-2.05224 -2.84831
-2.07834 -3.07016
-2.02614 -2.84831
-2.14359 -3.03101
-2.02614 -2.84831
-2.05224 -2.80916
-2.02614 -2.87441
-2.06529 -3.08321
-2.07834 -3.08321
-2.07834 -3.08321
-2.07834 -3.07016
-2.07834 -3.07016
-2.07834 -3.08321
-2.07834 -3.08321
-2.14359 -3.03101
-2.01309 -2.83526
-2.02614 -2.84831
-2.03919 -2.82221
-2.02614 -2.84831
-2.14359 -3.03101
-2.07834 -3.08321
-2.01309 -2.84831
-2.07834 -3.08321
-1.96089 -2.83526
-2.03919 -2.7961
-2.07834 -3.08321
-2.07834 -3.08321
-2.07834 -3.08321
-2.07834 -3.08321
-2.07834 -3.08321
-2.02614 -2.84831
-2.07834 -3.07016
-2.02614 -2.82221
-2.14359 -3.03101
-2.07834 -3.08321
-2.14359 -3.03101
-2.14359 -3.03101
-2.06529 -3.07016
-2.06529 -3.08321
-2.14359 -3.03101
-2.07834 -3.07016
-2.14359 -3.03101
-2.07834 -3.08321
-2.06529 -3.08321
-2.14359 -3.03101
-2.07834 -3.07016
-2.07834 -3.08321
-1.96089 -2.82221
-2.06529 -3.07016
-2.06529 -3.07016
-2.07834 -3.08321
-2.07834 -3.08321
-2.06529 -3.08321
-2.07834 -3.08321
-2.07834 -3.07016
-2.07834 -3.07016
-2.07834 -3.08321
-2.07834 -3.08321
-2.07834 -3.07016
-2.07834 -3.08321
-2.07834 -3.08321
-2.02614 -2.83526
-2.07834 -3.08321
-2.07834 -3.08321
-2.06529 -3.07016
-2.07834 -3.08321
-2.07834 -3.07016
-2.07834 -3.08321
-2.06529 -3.08321
-2.06529 -3.07016
-2.07834 -3.07016
-2.07834 -3.08321
-2.07834 -3.07016
-2.07834 -3.08321
-2.01309 -2.83526
-2.07834 -3.08321
-2.07834 -3.07016
-2.14359 -3.03101
-2.07834 -3.07016
-2.07834 -3.08321
-2.07834 -3.08321
-2.07834 -3.07016
-2.09139 -3.29201
-2.27409 -3.82708
-2.3785 -3.81402
-2.26104 -3.97063
-2.20884 -4.00978
-2.06529 -3.72267
-2.15664 -4.00978
-2.06529 -3.72267
-2.00004 -3.76182
-2.01309 -3.74877
-2.07834 -3.72267
-2.00004 -3.74877
-2.00004 -3.76182
-1.98699 -3.74877
-2.00004 -3.76182
-2.11749 -4.03588
-1.98699 -3.74877
-2.00004 -3.76182
-2.06529 -3.72267
-2.00004 -3.76182
-2.06529 -3.72267
-2.00004 -3.76182
-2.06529 -3.72267
-2.06529 -3.72267
-2.00004 -3.74877
-2.06529 -3.72267
-2.06529 -3.72267
-1.98699 -3.76182
-2.06529 -3.72267
-2.00004 -3.74877
-2.06529 -3.72267
-2.06529 -3.72267
-2.06529 -3.72267
-2.07834 -3.70962
-2.06529 -3.72267
-2.00004 -3.76182
-2.06529 -3.72267
-1.98699 -3.76182
-2.01309 -3.74877
-2.00004 -3.76182
-2.00004 -3.76182
-2.00004 -3.76182
-2.00004 -3.76182
-2.06529 -3.72267
-2.06529 -3.72267
-2.00004 -3.76182
-2.06529 -3.72267
-2.00004 -3.74877
-2.00004 -3.76182
-2.01309 -3.74877
-2.06529 -3.72267
-2.00004 -3.76182
-2.06529 -3.72267
-2.06529 -3.72267
-2.00004 -3.74877
-2.06529 -3.72267
-2.01309 -3.73572
-2.07834 -3.72267
-2.00004 -3.74877
-2.00004 -3.74877
-2.00004 -3.74877
-2.06529 -3.72267
-2.01309 -3.74877
-2.01309 -3.74877
-1.98699 -3.76182
-2.00004 -3.76182
-2.00004 -3.73572
-1.98699 -3.76182
-2.09139 -3.70962
-2.00004 -3.76182
-2.06529 -3.72267
-2.01309 -3.74877
-2.06529 -3.72267
-2.06529 -3.72267
-2.06529 -3.72267
-2.00004 -3.76182
-1.98699 -3.74877
-2.00004 -3.76182
-2.01309 -3.73572
-2.01309 -3.74877
-2.00004 -3.74877
-2.00004 -3.76182
-2.06529 -3.72267
-2.09139 -3.70962
-2.06529 -3.72267
-2.01309 -3.74877
-2.00004 -3.76182
-1.98699 -3.74877
-2.06529 -3.72267
-2.00004 -3.76182
-2.00004 -3.76182
-2.00004 -3.76182
-2.00004 -3.76182
-2.00004 -3.76182
-2.03919 -3.72267
-2.00004 -3.74877
-2.00004 -3.76182
-2.01309 -3.74877
-2.00004 -3.74877
-2.00004 -3.74877
-2.06529 -3.70962
-2.18274 -3.99673
-2.06529 -3.70962
-2.06529 -3.70962
-2.01309 -3.74877
-2.00004 -3.76182
-2.00004 -3.74877
-2.06529 -3.72267
-2.00004 -3.76182
-2.00004 -3.76182
-2.06529 -3.72267
-2.06529 -3.72267
-2.00004 -3.74877
-2.00004 -3.76182
-2.06529 -3.72267
-2.06529 -3.72267
-2.00004 -3.76182
-2.00004 -3.76182
-2.00004 -3.74877
-2.00004 -3.76182
-1.98699 -3.76182
-2.00004 -3.76182
-2.06529 -3.72267
-2.01309 -3.74877
-2.00004 -3.76182
-1.98699 -3.76182
-2.00004 -3.76182
-2.05224 -3.70962
-2.01309 -3.74877
-2.00004 -3.74877
-2.01309 -3.74877
-2.00004 -3.76182
-2.00004 -3.74877
-2.01309 -3.73572
-2.00004 -3.74877
-2.01309 -3.74877
-2.01309 -3.74877
-2.00004 -3.76182
-2.00004 -3.74877
-2.00004 -3.74877
-2.01309 -3.73572
-2.01309 -3.73572
-2.00004 -3.76182
-2.00004 -3.76182
-1.97394 -3.74877
-1.83039 -3.85318
-1.77818 -3.72267
-2.76915 -5.88456
-1.38668 -3.39642
-1.29533 -3.14846
-1.24312 -3.10931
-1.08652 -3.16151
-1.07347 -3.16151
-1.07347 -2.91356
-1.06042 -2.88746
-1.04737 -2.88746
-1.06042 -2.91356
-1.04737 -2.88746
-1.15177 -3.10931
-1.15177 -3.10931
-1.06042 -2.88746
-1.06042 -2.91356
-1.06042 -2.88746
-1.15177 -3.12236
-1.08652 -3.14846
-1.15177 -3.10931
-1.03432 -2.87441
-1.08652 -3.14846
-1.07347 -2.88746
-1.15177 -3.10931
-1.15177 -3.09626
-1.15177 -3.10931
-1.08652 -3.14846
-1.06042 -2.88746
-1.15177 -3.10931
-1.03432 -2.87441
-1.15177 -3.10931
-1.15177 -3.10931
-1.15177 -3.12236
-1.08652 -3.14846
-1.06042 -2.91356
-1.08652 -3.14846
-1.15177 -3.10931
-1.15177 -3.10931
-1.08652 -3.14846
-1.08652 -3.14846
-1.06042 -2.88746
-1.15177 -3.10931
-1.15177 -3.12236
-1.08652 -3.14846
-1.07347 -2.92661
-1.08652 -3.14846
-1.15177 -3.10931
-1.15177 -3.12236
-1.06042 -2.91356
-1.15177 -3.10931
-1.06042 -2.91356
-1.08652 -3.14846
-1.15177 -3.10931
-1.07347 -2.91356
-1.15177 -3.12236
-1.15177 -3.12236
-1.06042 -2.88746
-1.15177 -3.12236
-1.06042 -2.91356
-1.15177 -3.12236
-1.08652 -3.14846
-1.06042 -2.87441
-1.15177 -3.10931
-1.06042 -2.88746
-1.04737 -2.88746
-1.06042 -2.91356
-1.06042 -2.91356
-1.03432 -2.87441
-1.15177 -3.10931
-1.02127 -2.88746
-1.15177 -3.10931
-1.15177 -3.10931
-1.15177 -3.10931
-1.08652 -3.14846
-1.08652 -3.14846
-1.04737 -2.88746
-1.15177 -3.10931
-1.15177 -3.10931
-1.15177 -3.10931
-1.08652 -3.14846
-1.08652 -3.14846
-1.15177 -3.10931
-1.15177 -3.10931
-1.15177 -3.10931
-1.08652 -3.14846
-1.15177 -3.10931
-1.04737 -2.91356
-1.08652 -3.14846
-1.15177 -3.10931
-1.08652 -3.14846
-1.15177 -3.12236
-1.08652 -3.13541
-1.06042 -2.91356
-1.08652 -3.14846
-1.15177 -3.10931
-1.08652 -3.14846
-1.08652 -3.14846
-1.08652 -3.14846
-1.02127 -2.88746
-1.15177 -3.10931
-1.15177 -3.10931
-1.08652 -3.14846
-1.15177 -3.10931
-1.15177 -3.10931
-1.08652 -3.14846
-1.08652 -3.14846
-1.08652 -3.14846
-1.15177 -3.10931
-1.15177 -3.10931
-1.06042 -2.91356
-1.04737 -2.88746
-1.15177 -3.10931
-1.08652 -3.14846
-1.08652 -3.14846
-1.15177 -3.09626
-1.08652 -3.14846
-1.08652 -3.14846
-1.04737 -2.87441
-1.15177 -3.12236
-1.15177 -3.12236
-1.06042 -2.88746
-1.15177 -3.10931
-1.06042 -2.91356
-1.15177 -3.10931
-1.08652 -3.14846
-1.06042 -2.91356
-1.08652 -3.14846
-1.04737 -2.88746
-1.08652 -3.13541
-1.06042 -2.91356
-1.15177 -3.10931
-1.15177 -3.10931
-1.15177 -3.10931
-1.08652 -3.14846
-1.16482 -3.03101
-1.16482 -2.73085
-1.16482 -2.57425
-1.16482 -2.57425
-0.99517 -2.18274
-1.04737 -2.24799
-0.99517 -2.01309
-1.16482 -2.18274
-1.07347 -1.96089
-0.99517 -2.00004
-0.99517 -1.98699
-0.99517 -1.98699
-0.99517 -1.98699
-0.99517 -1.98699
-1.00822 -1.98699
-1.00822 -1.98699
-1.06042 -1.96089
-0.99517 -1.98699
-1.00822 -1.98699
-0.99517 -1.98699
-0.99517 -1.98699
-0.99517 -1.98699
-0.99517 -1.98699
-0.99517 -1.98699
-1.00822 -1.98699
-0.99517 -1.98699
-1.06042 -1.94784
-0.99517 -1.98699
-0.99517 -1.98699
-1.00822 -1.98699
-1.00822 -1.98699
-0.99517 -1.98699
-0.99517 -1.98699
-0.99517 -1.98699
-1.00822 -1.98699
-0.99517 -1.98699
-1.00822 -1.98699
-1.00822 -1.98699
-1.00822 -1.98699
-0.99517 -1.98699
-0.99517 -1.98699
-1.00822 -1.98699
-0.99517 -1.98699
-0.99517 -1.98699
-1.00822 -1.98699
-0.99517 -1.98699
-1.00822 -1.98699
-1.00822 -1.98699
-1.00822 -1.98699
-0.99517 -1.98699
-0.99517 -1.98699
-0.99517 -1.98699
-1.00822 -1.98699
-0.99517 -1.98699
-1.00822 -1.98699
-0.99517 -1.98699
-1.00822 -1.98699
-1.00822 -1.98699
-0.99517 -1.98699
-1.00822 -1.98699
-1.00822 -1.98699
-1.00822 -1.98699
-1.00822 -1.98699
-1.00822 -1.98699
-0.99517 -1.98699
-1.00822 -1.98699
-1.00822 -1.98699
-0.99517 -1.98699
-0.99517 -1.98699
-1.00822 -1.98699
-1.00822 -1.98699
-1.00822 -1.98699
-1.00822 -1.98699
-1.00822 -1.98699
-0.99517 -1.98699
-0.99517 -1.98699
-0.99517 -1.98699
-1.00822 -1.98699
-1.00822 -1.98699
-1.00822 -1.98699
-0.99517 -1.98699
-0.99517 -1.98699
-1.00822 -1.98699
-1.00822 -1.98699
-1.00822 -1.98699
-0.99517 -1.98699
-0.99517 -1.98699
-1.00822 -1.98699
-1.07347 -1.94784
-1.00822 -1.98699
-1.00822 -1.98699
-0.99517 -1.98699
-0.99517 -1.98699
-0.99517 -1.98699
-1.06042 -1.94784
-0.99517 -1.98699
-0.99517 -1.97394
-0.99517 -1.98699
-0.99517 -1.98699
-0.99517 -1.98699
-0.99517 -1.98699
-0.99517 -1.98699
-0.99517 -1.98699
-0.99517 -1.98699
-0.99517 -1.98699
-0.99517 -1.98699
-0.99517 -1.98699
-1.06042 -1.94784
-0.99517 -1.98699
-0.99517 -1.98699
-0.982119 -1.98699
-0.99517 -1.98699
-0.99517 -1.98699
-0.99517 -1.98699
-1.06042 -1.94784
-0.695014 -2.19579
-0.655863 -2.19579
-1.28585 -3.69132
-0.342657 -2.13054
-0.264355 -2.10444
-0.0555512 -2.11749
-0.303506 -2.15664
-0.107752 -1.98699
-0.0686015 -2.14359
0.00970005 -2.19579
-0.146903 -1.98699
0.00970005 -2.20884
-0.042501 -2.00004
-0.107752 -2.00004
-0.042501 -2.00004
-0.0164005 -2.02614
-0.133853 -2.01309
-0.0164005 -2.02614
-0.094702 -2.00004
-0.042501 -2.02614
-0.0164005 -2.00004
-0.120803 -2.00004
-0.042501 -2.01309
-0.042501 -2.02614
-0.159953 -2.01309
-0.159953 -2.01309
-0.042501 -2.00004
-0.120803 -2.00004
-0.107752 -2.00004
-0.042501 -2.00004
-0.107752 -2.00004
-0.0555512 -2.01309
-0.107752 -2.00004
-0.159953 -2.01309
-0.159953 -2.01309
-0.042501 -2.00004
-0.0164005 -2.01309
-0.0033502 -2.02614
-0.159953 -2.01309
-0.042501 -2.02614
-0.0555512 -2.00004
-0.094702 -2.00004
-0.133853 -2.01309
-0.0686015 -2.01309
-0.0555512 -2.01309
-0.146903 -1.98699
-0.0294507 -2.00004
-0.042501 -2.00004
-0.094702 -2.00004
-0.042501 -2.00004
-0.0555512 -2.00004
-0.159953 -2.01309
-0.0294507 -2.02614
-0.042501 -2.19579
-0.094702 -1.98699
0.00970005 -2.19579
-0.094702 -1.98699
-0.159953 -2.01309
-0.120803 -2.00004
-0.146903 -1.98699
-0.120803 -2.00004
-0.042501 -2.00004
-0.107752 -2.01309
-0.042501 -2.00004
-0.042501 -2.00004
-0.120803 -2.00004
-0.042501 -2.00004
-0.042501 -2.00004
-0.107752 -2.00004
-0.094702 -2.02614
-0.120803 -2.00004
-0.146903 -1.98699
-0.0033502 -2.02614
-0.159953 -2.01309
-0.120803 -2.00004
-0.133853 -2.01309
-0.120803 -2.00004
-0.107752 -2.00004
-0.159953 -2.01309
0.00970005 -2.19579
-0.107752 -2.00004
-0.146903 -1.98699
-0.120803 -2.00004
-0.159953 -2.01309
-0.159953 -2.01309
-0.107752 -2.00004
-0.0294507 -2.00004
-0.094702 -1.98699
0.00970005 -2.19579
-0.0555512 -2.01309
-0.042501 -2.00004
-0.042501 -2.00004
-0.0555512 -2.01309
-0.0555512 -2.01309
-0.0555512 -2.01309
-0.0555512 -2.01309
-0.0555512 -2.01309
-0.0164005 -2.00004
-0.0555512 -2.01309
-0.042501 -2.00004
-0.0555512 -2.01309
-0.0555512 -2.00004
-0.042501 -2.00004
-0.0555512 -2.00004
-0.042501 -2.00004
-0.094702 -2.00004
-0.0033502 -2.02614
-0.0033502 -2.02614
-0.133853 -2.01309
-0.0555512 -2.00004
-0.042501 -2.00004
0.0619011 -2.14359
0.283755 -2.13054
0.101052 -2.02614
0.309856 -2.09139
0.779665 -2.00004
0.831866 -1.96089
1.52578 -3.5794
0.857967 -2.00004
0.949318 -1.98699
0.857967 -2.00004
0.923218 -1.97394
0.923218 -1.97394
0.844916 -1.97394
0.844916 -1.98699
0.844916 -2.00004
0.844916 -1.98699
0.897117 -2.00004
0.844916 -2.00004
0.871017 -1.98699
0.844916 -2.00004
0.844916 -1.98699
0.844916 -2.00004
0.884067 -2.00004
0.884067 -1.97394
0.923218 -1.97394
0.923218 -1.97394
0.923218 -1.97394
0.910168 -2.00004
0.844916 -1.97394
0.844916 -2.00004
0.844916 -1.97394
0.844916 -1.98699
0.884067 -2.00004
0.884067 -2.00004
0.923218 -1.97394
0.884067 -1.98699
0.910168 -2.00004
0.910168 -2.00004
0.910168 -2.00004
0.844916 -2.00004
0.844916 -1.98699
0.923218 -1.97394
0.844916 -2.00004
0.844916 -2.00004
0.910168 -2.00004
0.844916 -2.00004
0.844916 -2.00004
0.897117 -2.00004
0.884067 -1.98699
0.910168 -1.98699
0.910168 -2.00004
0.910168 -1.98699
0.910168 -2.00004
0.884067 -2.00004
0.884067 -2.00004
0.910168 -1.97394
0.844916 -2.00004
0.923218 -1.98699
0.910168 -2.00004
0.975419 -2.16969
0.910168 -2.00004
0.910168 -2.00004
0.923218 -1.98699
0.884067 -2.00004
0.923218 -1.97394
0.844916 -2.00004
0.884067 -2.00004
0.910168 -2.00004
0.884067 -1.98699
0.910168 -2.00004
0.884067 -2.00004
0.844916 -2.00004
0.884067 -2.00004
0.910168 -1.98699
0.897117 -1.98699
0.910168 -2.00004
0.910168 -2.00004
0.844916 -2.00004
0.897117 -2.00004
0.884067 -2.00004
0.923218 -1.97394
0.884067 -2.00004
0.884067 -2.00004
0.897117 -2.00004
0.910168 -2.00004
0.923218 -1.97394
0.923218 -1.97394
0.884067 -2.00004
0.923218 -1.97394
0.844916 -2.00004
0.923218 -1.98699
0.884067 -2.00004
0.923218 -1.98699
0.923218 -1.97394
0.844916 -2.00004
0.910168 -1.98699
0.923218 -1.97394
0.910168 -2.00004
0.884067 -1.98699
0.884067 -1.98699
0.910168 -2.00004
0.884067 -2.00004
0.910168 -2.00004
0.923218 -1.97394
0.910168 -2.00004
0.910168 -1.98699
0.910168 -2.00004
0.910168 -2.00004
0.923218 -1.97394
0.923218 -1.97394
0.923218 -1.98699
0.923218 -1.97394
0.897117 -2.00004
0.910168 -2.00004
0.923218 -1.98699
0.923218 -1.97394
0.884067 -2.00004
0.910168 -2.00004
0.897117 -1.98699
0.844916 -2.00004
0.897117 -2.00004
0.844916 -2.00004
0.844916 -2.02614
0.923218 -1.97394
0.910168 -2.00004
0.884067 -2.00004
0.844916 -2.00004
1.56243 -3.54092
1.4802 -3.52546
0.884067 -2.00004
0.884067 -2.00004
1.51496 -3.52025
0.910168 -1.98699
0.884067 -2.00004
1.53741 -3.47306
0.910168 -2.00004
0.844916 -2.00004
0.897117 -2.00004
0.897117 -2.00004
0.923218 -1.97394
0.844916 -2.00004
0.897117 -2.00004
0.923218 -1.97394
0.923218 -1.98699
0.923218 -1.97394
0.844916 -2.00004
0.884067 -2.00004
0.910168 -1.98699
0.805766 -2.11749
1.02762 -2.16969
1.01457 -2.16969
0.753565 -2.27409
0.936268 -2.3524
0.884067 -2.73085
0.779665 -2.77
0.936268 -2.97881
0.714414 -3.04406
1.06677 -3.13541
0.857967 -3.20066
0.805766 -2.93966
0.910168 -3.17456
0.910168 -3.17456
0.910168 -3.17456
0.884067 -2.90051
0.871017 -2.90051
0.844916 -2.92661
0.910168 -3.17456
0.844916 -2.91356
0.884067 -2.90051
0.857967 -2.93966
0.844916 -2.92661
0.857967 -2.93966
0.844916 -2.93966
0.857967 -2.93966
0.857967 -2.93966
0.910168 -3.17456
0.910168 -3.17456
0.844916 -2.93966
0.844916 -2.93966
0.857967 -2.93966
0.897117 -2.90051
0.871017 -2.90051
0.844916 -2.92661
0.857967 -2.91356
0.844916 -2.93966
0.844916 -2.92661
0.897117 -2.90051
0.884067 -2.90051
0.844916 -2.92661
0.818816 -2.92661
0.844916 -2.92661
0.805766 -2.93966
0.844916 -2.91356
0.805766 -2.92661
0.897117 -2.90051
0.805766 -2.92661
0.805766 -2.93966
0.805766 -2.93966
0.805766 -2.93966
0.857967 -3.20066
0.871017 -2.91356
0.805766 -2.92661
0.805766 -2.93966
0.857967 -2.95271
0.805766 -2.92661
0.857967 -2.93966
0.805766 -2.93966
0.884067 -2.91356
0.897117 -2.90051
0.844916 -2.92661
0.818816 -2.92661
0.871017 -2.90051
0.884067 -2.90051
0.897117 -2.90051
0.844916 -2.93966
0.871017 -2.91356
0.897117 -2.90051
0.884067 -2.90051
0.805766 -2.92661
0.818816 -2.92661
0.857967 -2.93966
0.805766 -2.93966
0.884067 -2.90051
0.844916 -2.91356
0.857967 -2.93966
0.805766 -2.92661
0.818816 -2.92661
0.818816 -2.92661
0.844916 -2.93966
0.818816 -2.92661
0.844916 -2.93966
0.884067 -2.90051
0.857967 -2.91356
0.844916 -2.91356
0.857967 -2.93966
0.857967 -2.93966
0.844916 -2.92661
0.844916 -2.92661
0.805766 -2.93966
1.15812 -2.97881
1.30168 -2.93966
1.14507 -3.26591
1.34083 -3.22676
1.45828 -3.20066
1.30168 -2.93966
1.44523 -3.17456
1.23642 -2.95271
1.26252 -2.93966
1.30168 -2.92661
1.30168 -2.92661
1.30168 -2.92661
1.30168 -2.92661
1.23642 -2.95271
1.30168 -2.92661
1.26252 -2.93966
1.30168 -2.92661
1.23642 -2.95271
1.22337 -2.95271
1.37998 -3.17456
1.30168 -2.92661
1.30168 -2.91356
1.30168 -2.91356
1.28863 -2.91356
1.30168 -2.92661
1.30168 -2.92661
1.30168 -2.92661
1.30168 -2.92661
1.23642 -2.95271
1.22337 -2.95271
1.23642 -2.95271
1.30168 -2.91356
1.23642 -2.93966
1.23642 -2.95271
1.23642 -2.95271
1.30168 -2.91356
1.31473 -2.91356
1.30168 -2.92661
1.22337 -2.95271
1.30168 -2.92661
1.30168 -2.91356
1.30168 -2.92661
1.30168 -2.92661
1.30168 -2.92661
1.31473 -2.91356
1.30168 -2.92661
1.07982 -2.7961
1.00152 -2.70475
1.00152 -2.70475
1.00152 -2.70475
1.01457 -2.70475
1.00152 -2.7178
1.05372 -2.67865
1.05372 -2.6656
1.11897 -2.6395
1.10592 -2.65255
1.73437 -4.34407
1.10592 -2.65255
1.73991 -4.36292
1.10592 -2.65255
1.10592 -2.6395
1.72924 -4.37907
1.10592 -2.65255
1.73508 -4.38568
1.10592 -2.6395
1.10592 -2.65255
1.10592 -2.65255
1.10592 -2.65255
1.09287 -2.6395
1.10592 -2.6395
1.10592 -2.62645
1.7245 -4.4046
1.10592 -2.65255
1.10592 -2.6395
1.10592 -2.6395
1.11897 -2.65255
1.10592 -2.62645
1.10592 -2.6395
1.10592 -2.65255
1.10592 -2.65255
1.10592 -2.6395
1.11897 -2.6395
1.10592 -2.62645
1.10592 -2.65255
1.11897 -2.65255
1.10592 -2.65255
1.10592 -2.65255
1.10592 -2.65255
1.10592 -2.6395
1.10592 -2.6395
1.10592 -2.6395
1.10592 -2.6395
1.09287 -2.6917
1.15812 -2.97881
1.26252 -3.22676
1.27557 -3.33117
1.17117 -3.60522
1.17117 -3.60522
1.17117 -3.61827
1.17117 -3.61827
1.17117 -3.61827
1.18422 -3.63132
1.17117 -3.63132
1.18422 -3.63132
1.17117 -3.61827
1.17117 -3.61827
1.17117 -3.60522
1.24947 -3.60522
1.18422 -3.61827
1.18422 -3.61827
1.17117 -3.60522
1.17117 -3.60522
1.17117 -3.60522
1.18422 -3.60522
1.18422 -3.60522
1.17117 -3.60522
1.18422 -3.61827
1.18422 -3.61827
1.18422 -3.60522
1.18422 -3.61827
1.18422 -3.61827
1.18422 -3.60522
1.17117 -3.60522
1.18422 -3.60522
1.17117 -3.60522
1.17117 -3.60522
1.18422 -3.60522
1.18422 -3.60522
1.18422 -3.60522
1.17117 -3.59217
1.18422 -3.61827
1.17117 -3.61827
1.17117 -3.59217
1.17117 -3.60522
1.18422 -3.61827
1.18422 -3.61827
1.18422 -3.60522
1.18422 -3.61827
1.17117 -3.60522
1.18422 -3.60522
1.17117 -3.60522
1.17117 -3.60522
1.17117 -3.60522
1.17117 -3.60522
1.18422 -3.61827
1.18422 -3.60522
1.18422 -3.60522
1.17117 -3.60522
1.18422 -3.61827
1.17117 -3.60522
1.18422 -3.61827
1.17117 -3.60522
1.18422 -3.60522
1.18422 -3.61827
1.18422 -3.60522
1.18422 -3.61827
1.17117 -3.60522
1.17117 -3.61827
1.18422 -3.60522
1.18422 -3.60522
1.18422 -3.61827
1.18422 -3.61827
1.30168 -3.59217
1.18422 -3.61827
1.18422 -3.61827
1.18422 -3.60522
1.18422 -3.59217
1.17117 -3.60522
1.18422 -3.61827
1.18422 -3.61827
1.18422 -3.60522
1.18422 -3.61827
1.17117 -3.60522
1.18422 -3.61827
1.18422 -3.61827
1.18422 -3.61827
1.18422 -3.60522
1.17117 -3.60522
1.15812 -3.59217
1.18422 -3.60522
1.17117 -3.59217
1.18422 -3.60522
1.17117 -3.61827
1.17117 -3.59217
1.18422 -3.60522
1.17117 -3.61827
1.18422 -3.61827
1.17117 -3.60522
1.18422 -3.60522
1.17117 -3.60522
1.17117 -3.60522
1.17117 -3.60522
1.18422 -3.61827
1.18422 -3.60522
1.30168 -3.59217
1.18422 -3.61827
1.17117 -3.61827
1.18422 -3.61827
1.17117 -3.61827
1.18422 -3.60522
1.17117 -3.60522
1.18422 -3.61827
1.18422 -3.61827
1.17117 -3.60522
1.18422 -3.61827
1.17117 -3.61827
1.18422 -3.61827
1.18422 -3.61827
1.17117 -3.60522
1.17117 -3.61827
1.18422 -3.61827
1.18422 -3.61827
1.18422 -3.60522
1.17117 -3.60522
1.17117 -3.60522
1.18422 -3.61827
1.18422 -3.60522
1.17117 -3.60522
1.17117 -3.61827
1.18422 -3.60522
1.17117 -3.61827
1.18422 -3.61827
1.17117 -3.60522
1.18422 -3.60522
1.18422 -3.59217
1.18422 -3.61827
1.17117 -3.61827
1.17117 -3.60522
1.17117 -3.77487
1.15812 -4.16638
1.30168 -4.14028
1.28863 -4.32298
1.18422 -4.50569
1.17117 -4.51874
1.15812 -4.55789
1.17117 -4.54484
1.15812 -4.54484
1.17117 -4.54484
1.15812 -4.55789
1.15812 -4.55789
1.15812 -4.54484
1.17117 -4.55789
1.19727 -4.53179
1.17117 -4.54484
1.17117 -4.54484
1.15812 -4.55789
1.17117 -4.54484
1.17117 -4.54484
1.15812 -4.55789
1.17117 -4.54484
1.17117 -4.54484
1.15812 -4.54484
1.15812 -4.54484
1.15812 -4.54484
1.21032 -4.53179
1.17117 -4.53179
1.15812 -4.55789
1.15812 -4.53179
1.21032 -4.53179
1.15812 -4.53179
1.15812 -4.53179
1.17117 -4.53179
1.15812 -4.54484
1.17117 -4.54484
1.15812 -4.54484
1.17117 -4.54484
1.17117 -4.54484
1.15812 -4.54484
1.15812 -4.54484
1.15812 -4.54484
1.15812 -4.54484
1.17117 -4.54484
1.15812 -4.54484
1.15812 -4.54484
1.15812 -4.54484
1.15812 -4.54484
1.15812 -4.54484
1.15812 -4.55789
1.17117 -4.54484
1.17117 -4.54484
1.17117 -4.54484
1.17117 -4.54484
1.15812 -4.54484
1.15812 -4.55789
1.23642 -4.57094
1.24947 -4.58399
