-1.32143 6.44348
-1.33448 6.43043
-1.36058 6.78278
-1.34753 6.79583
-1.32143 6.74363
-1.33448 6.78278
-1.33448 6.80888
-3.33117 4.27713
-3.68352 2.7894
-3.69657 2.7894
-2.60035 3.44192
-2.5612 3.66377
-2.5612 3.68987
-2.5612 3.68987
-2.5351 3.65072
-2.5612 3.68987
-2.54815 3.68987
-2.5612 3.68987
-2.5612 3.68987
-2.54815 3.68987
-2.5612 3.70292
-2.5612 3.70292
-2.5612 3.68987
-2.5612 3.68987
-2.5612 3.68987
-2.54815 3.68987
-2.5612 3.68987
-2.5612 3.68987
-2.5612 3.68987
-2.5612 3.68987
-2.54815 3.67682
-2.5612 3.68987
-2.54815 3.68987
-2.5612 3.70292
-2.5612 3.68987
-2.5612 3.68987
-2.5612 3.68987
-2.54815 3.68987
-2.54815 3.67682
-2.5612 3.68987
-2.5612 3.68987
-2.5612 3.70292
-2.5612 3.68987
-2.54815 3.67682
-2.5351 3.65072
-2.5351 3.68987
-2.5612 3.68987
-2.54815 3.67682
-2.5612 3.67682
-2.5612 3.68987
-2.5612 3.70292
-2.5612 3.68987
-2.5612 3.68987
-2.5612 3.68987
-2.5612 3.70292
-2.54815 3.68987
-2.54815 3.67682
-2.54815 3.67682
-2.5612 3.68987
-2.5612 3.70292
-2.54815 3.68987
-2.5612 3.68987
-2.5612 3.68987
-2.5612 3.68987
-2.5612 3.68987
-2.5612 3.68987
-2.5612 3.70292
-2.5612 3.68987
-2.5612 3.68987
-2.5612 3.68987
-2.5612 3.70292
-2.5612 3.68987
-2.5612 3.68987
-2.5612 3.68987
-2.5612 3.70292
-2.5612 3.68987
-2.5612 3.70292
-2.5612 3.68987
-2.5612 3.68987
-2.5612 3.70292
-2.5612 3.68987
-2.5612 3.68987
-2.5612 3.68987
-2.5612 3.70292
-2.5612 3.70292
-2.5612 3.68987
-2.5612 3.70292
-2.5612 3.68987
-2.5612 3.68987
-2.5612 3.68987
-2.5612 3.70292
-2.54815 3.66377
-2.54815 3.67682
-2.5612 3.68987
-2.5612 3.68987
-2.5612 3.68987
-2.5612 3.68987
-2.5612 3.68987
-2.5612 3.70292
-2.5612 3.68987
-2.5612 3.68987
-2.5612 3.68987
-2.5612 3.68987
-2.5612 3.68987
-2.5612 3.68987
-2.5612 3.68987
-2.5612 3.68987
-2.5612 3.68987
-2.5612 3.68987
-2.5612 3.68987
-2.5612 3.67682
-2.5612 3.68987
-2.54815 3.68987
-2.5612 3.70292
-2.5612 3.68987
-2.54815 3.68987
-2.5612 3.68987
-2.5612 3.70292
-2.54815 3.67682
-2.54815 3.68987
-2.5612 3.68987
-2.54815 3.67682
-2.5612 3.68987
-2.5612 3.68987
-2.5612 3.68987
-2.5612 3.68987
-2.5612 3.68987
-2.54815 3.67682
-2.5612 3.70292
-2.5612 3.68987
-2.5612 3.68987
-2.54815 3.67682
-2.5612 3.70292
-2.54815 3.68987
-2.54815 3.70292
-2.5612 3.70292
-2.5612 3.68987
-2.5612 3.68987
-2.5612 3.68987
-2.5612 3.70292
-2.5612 3.68987
-2.54815 3.68987
-2.5612 3.68987
-2.5612 3.68987
-2.5612 3.68987
-2.5612 3.78122
-2.54815 3.76817
-2.54815 3.79427
-2.49595 4.00308
-2.4568 4.02918
-2.52205 4.09443
-2.5351 4.60339
-2.46985 4.62949
-2.4568 4.62949
-2.49595 4.64254
-2.54815 4.60339
-2.54815 4.57729
-2.54815 4.59034
-2.49595 4.60339
-2.54815 4.59034
-2.4568 4.62949
-2.49595 4.60339
-2.46985 4.57729
-2.46985 4.62949
-2.54815 4.59034
-2.46985 4.59034
-2.46985 4.62949
-2.49595 4.55119
-2.49595 4.60339
-2.16969 4.57729
-1.06042 4.60339
-1.38355 6.63296
-0.316556 4.72084
-0.447059 4.36849
-0.551461 4.00308
-0.564511 4.00308
-0.447059 3.75512
-0.420958 3.68987
-0.381808 3.68987
-0.407908 3.71597
-0.407908 3.70292
-0.329607 3.72902
-0.473159 3.71597
-0.407908 3.70292
-0.368757 3.70292
-0.407908 3.70292
-0.407908 3.70292
-0.407908 3.70292
-0.407908 3.71597
-0.407908 3.70292
-0.473159 3.71597
-0.368757 3.70292
-0.342657 3.71597
-0.473159 3.71597
-0.407908 3.71597
-0.407908 3.71597
-0.460109 3.68987
-0.407908 3.71597
-0.473159 3.71597
-0.368757 3.71597
-0.407908 3.71597
-0.473159 3.71597
-0.407908 3.71597
-0.407908 3.71597
-0.460109 3.70292
-0.368757 3.71597
-0.473159 3.71597
-0.473159 3.71597
-0.473159 3.71597
-0.460109 3.70292
-0.473159 3.71597
-0.473159 3.71597
-0.447059 3.70292
-0.394858 3.70292
-0.473159 3.71597
-0.407908 3.71597
-0.407908 3.71597
-0.407908 3.70292
-0.473159 3.70292
-0.407908 3.70292
-0.407908 3.71597
-0.473159 3.71597
-0.473159 3.71597
-0.407908 3.70292
-0.407908 3.70292
-0.473159 3.71597
-0.407908 3.71597
-0.407908 3.71597
-0.407908 3.68987
-0.394858 3.68987
-0.355707 3.71597
-0.394858 3.71597
-0.407908 3.71597
-0.460109 3.70292
-0.407908 3.71597
-0.381808 3.70292
-0.381808 3.70292
-0.460109 3.68987
-0.407908 3.71597
-0.407908 3.70292
-0.473159 3.71597
-0.407908 3.71597
-0.368757 3.71597
-0.473159 3.70292
-0.473159 3.71597
-0.381808 3.70292
-0.407908 3.68987
-0.407908 3.71597
-0.394858 3.71597
-0.407908 3.71597
-0.407908 3.70292
-0.381808 3.70292
-0.355707 3.71597
-0.355707 3.70292
-0.407908 3.70292
-0.407908 3.71597
-0.329607 3.72902
-0.48621 3.70292
-0.407908 3.71597
-0.473159 3.70292
-0.460109 3.71597
-0.460109 3.70292
-0.407908 3.71597
-0.407908 3.71597
-0.329607 3.74207
-0.225205 3.71597
-0.0033502 3.71597
0.0619011 3.74207
-0.0555512 3.68987
0.0358006 3.70292
-0.0686015 3.72902
0.0358006 3.71597
0.0227503 3.72902
0.0227503 3.74207
0.0749513 3.74207
0.0749513 3.74207
0.0749513 3.74207
-0.0033502 3.74207
0.0227503 3.74207
0.00970005 3.74207
-0.0033502 3.74207
0.00970005 3.75512
0.0227503 3.74207
0.0227503 3.72902
0.0227503 3.74207
0.0227503 3.74207
0.00970005 3.74207
0.0227503 3.74207
0.0227503 3.74207
0.00970005 3.72902
-0.0033502 3.74207
-0.0164005 3.72902
0.00970005 3.72902
0.0227503 3.74207
0.00970005 3.74207
0.0227503 3.74207
0.00970005 3.74207
0.00970005 3.72902
0.0227503 3.74207
0.0227503 3.74207
0.0227503 3.74207
0.0227503 3.74207
0.0227503 3.74207
0.0227503 3.74207
0.0227503 3.74207
-0.0033502 3.74207
0.00970005 3.74207
0.0227503 3.74207
0.0227503 3.74207
0.00970005 3.74207
0.0227503 3.74207
0.0227503 3.74207
-0.120803 3.75512
-0.264355 3.76817
-0.120803 3.75512
-0.355707 3.96393
-0.0555512 3.95088
-0.355707 3.96393
-0.355707 3.96393
-0.225205 4.00308
-0.042501 4.00308
-0.238255 4.31628
-0.0294507 4.01613
-0.0294507 4.02918
-0.042501 4.01613
-0.042501 4.01613
-0.042501 4.02918
-0.0555512 4.02918
-0.042501 4.02918
-0.0555512 4.02918
-0.0555512 4.02918
-0.042501 4.02918
-0.042501 4.02918
-0.0294507 4.02918
-0.0555512 4.02918
-0.042501 4.01613
-0.0294507 4.01613
-0.0294507 4.02918
-0.042501 4.00308
-0.0555512 4.02918
-0.0555512 4.01613
-0.0555512 4.02918
-0.042501 4.02918
-0.042501 4.02918
-0.0555512 4.01613
-0.042501 4.02918
-0.0555512 4.02918
-0.042501 4.01613
-0.042501 4.01613
-0.0555512 4.01613
-0.042501 4.01613
-0.0555512 4.02918
-0.0294507 4.01613
-0.042501 4.02918
-0.042501 4.01613
-0.042501 4.01613
-0.225205 4.02918
-0.0686015 3.74207
-0.0686015 3.72902
0.0358006 3.42887
-0.0686015 3.31141
-0.0686015 3.29836
-0.0686015 3.02431
0.0227503 3.02431
-0.0686015 3.01126
0.0227503 3.01126
-0.0686015 2.99821
0.0227503 3.01126
0.0227503 3.01126
0.0358006 3.01126
-0.0686015 3.01126
0.0358006 3.01126
0.0227503 2.99821
0.0227503 2.99821
-0.0686015 3.01126
0.00970005 2.99821
0.0227503 3.01126
0.0227503 3.02431
0.0227503 3.01126
0.0227503 3.01126
0.0227503 3.01126
-0.0686015 3.01126
-0.0686015 3.01126
0.00970005 3.01126
0.0227503 3.02431
0.0227503 3.01126
0.0227503 3.01126
-0.0555512 3.01126
0.0227503 3.02431
0.0227503 3.01126
0.0358006 3.01126
0.0227503 3.02431
0.0227503 3.01126
0.00970005 3.01126
0.0227503 3.01126
-0.0555512 3.01126
-0.133853 3.01126
0.0227503 3.01126
0.00970005 3.01126
-0.0555512 3.01126
-0.0555512 3.02431
0.0227503 3.02431
0.0358006 3.02431
0.0227503 3.01126
0.0227503 3.01126
0.0227503 3.01126
0.0227503 3.02431
0.0227503 3.01126
-0.0686015 3.01126
0.0227503 3.01126
0.0227503 3.02431
-0.0033502 3.02431
0.0227503 3.02431
0.0227503 3.01126
0.0227503 3.02431
-0.0686015 3.01126
0.0227503 3.02431
0.0227503 3.02431
0.0227503 3.02431
-0.0555512 3.01126
0.0227503 3.02431
0.0227503 3.01126
0.0227503 3.02431
0.0227503 3.02431
-0.0686015 3.02431
0.0227503 3.02431
0.0358006 3.02431
0.0227503 3.02431
0.0227503 3.02431
0.0227503 3.02431
0.0227503 3.02431
0.0227503 3.01126
0.0227503 3.01126
0.0227503 3.02431
0.0227503 3.01126
0.0227503 3.01126
0.0227503 3.01126
0.0227503 3.01126
-0.0686015 3.02431
0.0358006 3.01126
0.0227503 3.01126
0.0227503 3.02431
0.0358006 3.02431
0.0227503 3.01126
0.0227503 3.02431
-0.0033502 3.03736
0.0227503 3.01126
0.00970005 3.01126
-0.0686015 3.01126
0.0227503 3.01126
0.0227503 3.01126
0.0227503 3.01126
0.0227503 3.01126
0.0227503 3.02431
0.0227503 3.01126
0.00970005 3.01126
0.0227503 3.02431
0.0227503 3.02431
0.0227503 3.02431
0.0227503 3.02431
0.0227503 3.01126
0.0227503 3.02431
0.0227503 3.02431
0.0227503 3.02431
0.0358006 3.02431
0.0227503 3.02431
-0.0686015 3.01126
0.0227503 3.02431
0.0227503 3.01126
0.0358006 3.02431
-0.0033502 3.03736
0.0227503 3.01126
0.0227503 3.02431
0.0227503 3.02431
0.0227503 3.02431
0.0227503 3.02431
0.0227503 3.02431
0.0227503 3.02431
0.0358006 3.02431
0.0227503 3.02431
0.0227503 3.01126
0.0358006 3.02431
0.0227503 3.02431
0.0227503 3.02431
0.0227503 3.01126
0.0358006 3.02431
0.0358006 3.02431
-0.0686015 3.01126
0.0227503 3.02431
0.00970005 3.01126
-0.0686015 3.01126
0.0227503 3.01126
0.0227503 3.02431
-0.0686015 3.01126
0.0227503 3.01126
0.00970005 3.01126
0.0227503 3.02431
0.00970005 3.01126
0.0749513 2.89381
0.00970005 2.77635
0.0619011 2.7111
-0.042501 2.38485
-0.042501 2.29349
-0.0294507 2.07164
0.0488508 2.04554
0.0619011 2.04554
0.0488508 2.03249
-0.0294507 2.00639
0.0358006 2.00639
0.0358006 2.00639
0.0358006 2.00639
0.0227503 2.00639
0.0358006 2.01944
0.0358006 2.01944
0.0358006 2.01944
0.0358006 2.00639
0.0227503 2.00639
0.0358006 2.01944
0.0358006 2.00639
0.0227503 2.00639
0.0358006 2.01944
0.0358006 2.01944
0.0227503 2.00639
0.0358006 2.01944
0.0227503 2.00639
0.0227503 2.00639
-0.0555512 2.00639
0.0227503 2.00639
0.0227503 2.00639
0.0358006 2.01944
0.0358006 2.01944
0.0227503 2.00639
0.00970005 2.01944
0.0227503 2.00639
0.0227503 2.00639
0.0227503 2.00639
0.0358006 2.00639
0.0227503 2.00639
0.0488508 2.01944
0.0358006 2.01944
0.0358006 2.01944
0.0227503 2.00639
0.0358006 2.01944
0.0358006 2.01944
0.0358006 2.01944
0.0358006 2.01944
0.0227503 2.00639
0.0358006 2.01944
0.0227503 2.00639
0.0358006 2.01944
0.0358006 2.01944
0.0358006 2.01944
0.0358006 2.01944
0.0358006 2.01944
0.0358006 2.01944
0.0358006 2.01944
-0.042501 2.00639
0.0358006 2.01944
0.0227503 2.00639
0.0227503 2.00639
0.0358006 2.01944
0.0358006 2.01944
0.0358006 2.01944
0.0358006 2.01944
0.0358006 2.00639
-0.042501 2.01944
0.0358006 2.00639
0.0358006 2.01944
0.0358006 2.00639
0.0358006 2.00639
0.0227503 2.00639
0.0227503 2.00639
0.0227503 2.00639
0.0227503 2.00639
0.00970005 2.01944
0.00970005 2.01944
0.0227503 2.00639
0.0227503 2.00639
0.0227503 2.00639
0.0358006 2.00639
0.00970005 2.00639
0.0358006 2.00639
0.0488508 2.03249
0.0227503 2.00639
0.0358006 2.01944
0.0227503 2.00639
0.00970005 2.00639
0.0227503 2.00639
0.0358006 2.01944
0.00970005 2.01944
0.0358006 2.00639
-0.159953 1.54963
-0.0555512 1.05372
-0.0686015 1.23642
-0.133853 1.04067
0.0488508 1.02762
0.0488508 1.02762
0.0358006 1.02762
0.0358006 1.02762
0.0358006 1.02762
0.0358006 1.02762
0.0488508 1.02762
0.0488508 1.02762
0.0358006 1.02762
0.0488508 1.02762
0.0358006 1.02762
0.0358006 1.02762
0.0358006 1.02762
0.0358006 1.02762
0.0358006 1.02762
0.0358006 1.02762
0.0358006 1.02762
0.0358006 1.02762
0.0358006 1.02762
0.0358006 1.02762
0.0358006 1.02762
0.0358006 1.02762
0.0358006 1.02762
0.0488508 1.02762
0.0488508 1.02762
0.0358006 1.02762
0.0358006 1.02762
0.0358006 1.02762
0.0358006 1.02762
0.0358006 1.02762
0.0488508 1.02762
0.0358006 1.02762
0.0488508 1.02762
0.0488508 1.04067
0.0488508 1.04067
0.0358006 1.02762
0.0358006 1.02762
0.0488508 1.02762
0.0358006 1.02762
0.0488508 1.02762
-0.0686015 1.02762
0.0358006 1.02762
0.0358006 1.02762
0.0358006 1.02762
0.0358006 1.02762
0.0488508 1.02762
0.0488508 1.02762
0.0488508 1.02762
0.0358006 1.02762
0.0488508 1.02762
0.0488508 1.02762
0.0358006 1.02762
0.0358006 1.01457
0.0488508 1.02762
0.0358006 1.02762
0.0358006 1.02762
0.0488508 1.02762
0.0358006 1.02762
0.0358006 1.02762
0.0358006 1.02762
0.0358006 1.02762
0.0358006 1.02762
0.0358006 1.02762
0.0358006 1.02762
0.0358006 1.02762
0.0358006 1.02762
0.0358006 1.02762
0.0488508 1.02762
0.0358006 1.02762
0.0358006 1.02762
0.0358006 1.02762
0.0358006 1.02762
0.0358006 1.02762
0.0358006 1.02762
0.0358006 1.02762
0.0358006 1.02762
0.0358006 1.02762
0.0358006 1.02762
0.0358006 1.02762
0.0358006 1.02762
0.0358006 1.02762
0.0358006 1.02762
0.0358006 1.02762
0.0358006 1.02762
0.0358006 1.02762
0.0488508 1.02762
0.0358006 1.02762
0.0358006 1.02762
0.0358006 1.02762
0.0488508 1.04067
0.0358006 1.02762
0.0358006 1.02762
0.0358006 1.02762
0.0358006 1.02762
0.0358006 1.02762
0.0358006 1.02762
0.0358006 1.02762
0.0358006 1.02762
0.0358006 1.02762
0.0488508 1.02762
0.0488508 1.02762
0.0358006 1.02762
0.0358006 1.02762
0.0488508 1.02762
0.0358006 1.02762
0.0358006 1.02762
0.0488508 1.02762
0.0358006 1.02762
0.0358006 1.02762
0.0358006 1.02762
0.0358006 1.02762
0.0358006 1.02762
0.0358006 1.02762
0.101052 1.04067
-0.107752 1.02762
-0.042501 1.04067
0.466459 1.07982
0.192404 1.30168
0.871017 1.11897
0.871017 1.10592
0.897117 1.26252
1.06677 1.00152
1.06677 1.01457
1.06677 1.01457
1.06677 1.01457
1.00152 1.06677
1.00152 1.06677
1.06677 1.01457
0.988469 1.07982
0.988469 1.07982
0.988469 1.07982
1.00152 1.06677
1.06677 1.01457
1.06677 1.01457
1.06677 1.01457
1.05372 1.01457
1.00152 1.05372
0.988469 1.07982
1.01457 1.05372
0.988469 1.07982
1.06677 1.01457
0.988469 1.07982
1.06677 1.01457
1.06677 1.01457
1.00152 1.06677
1.06677 1.01457
1.06677 1.01457
1.00152 1.06677
0.988469 1.07982
1.00152 1.06677
1.05372 1.01457
0.988469 1.07982
1.06677 1.01457
0.988469 1.07982
1.06677 1.01457
1.06677 1.01457
1.00152 1.06677
1.00152 1.06677
1.06677 1.01457
1.06677 1.01457
1.06677 1.01457
1.06677 1.01457
1.05372 1.01457
1.06677 1.01457
1.06677 1.01457
1.06677 1.01457
0.988469 1.07982
1.05372 1.01457
1.06677 1.01457
0.988469 1.07982
1.06677 1.01457
1.00152 1.06677
1.05372 1.02762
1.06677 1.01457
1.06677 1.01457
1.06677 1.01457
1.06677 1.01457
0.988469 1.07982
1.06677 1.01457
1.06677 1.01457
0.988469 1.09287
1.06677 1.01457
1.06677 1.01457
1.06677 1.01457
0.988469 1.07982
1.06677 1.01457
1.06677 1.01457
0.988469 1.07982
1.02762 1.02762
1.06677 1.01457
1.06677 1.01457
0.988469 1.07982
1.06677 1.01457
1.06677 1.01457
0.988469 1.07982
1.06677 1.01457
1.05372 1.01457
1.06677 1.01457
1.06677 1.01457
1.06677 1.01457
0.988469 1.07982
1.00152 1.06677
1.06677 1.01457
0.988469 1.07982
1.06677 1.01457
1.00152 1.06677
1.00152 1.06677
0.792715 0.975419
0.649163 0.818816
0.675263 0.623062
0.257655 0.401208
0.270705 0.375107
-0.0555512 -0.0033502
-0.042501 -0.0033502
-0.173004 -0.0164005
0.114102 -0.0164005
0.244605 0.0488508
-0.159953 -0.0033502
-0.107752 -0.0033502
0.153253 0.0227503
0.166303 0.0227503
-0.107752 -0.0033502
-0.107752 -0.0033502
-0.0555512 -0.0033502
-0.0555512 -0.0033502
-0.0555512 -0.0033502
-0.0555512 -0.0033502
-0.0555512 -0.0033502
-0.0555512 -0.0033502
-0.0555512 -0.0033502
-0.107752 -0.0033502
-0.107752 -0.0033502
-0.107752 -0.0033502
-0.107752 -0.0033502
-0.0555512 -0.0033502
-0.0555512 -0.0033502
-0.107752 -0.0033502
-0.107752 -0.0033502
-0.0555512 -0.0033502
-0.0555512 -0.0033502
-0.133853 -0.0294507
-0.0555512 -0.0033502
-0.0555512 -0.0033502
-0.0555512 -0.0033502
-0.0555512 -0.0033502
-0.107752 -0.0033502
-0.0555512 -0.0033502
-0.0555512 -0.0033502
0.00970005 0.0619011
-0.107752 -0.0033502
-0.107752 -0.0033502
-0.0555512 -0.0033502
-0.107752 -0.0033502
-0.0555512 -0.0033502
-0.0555512 -0.0033502
-0.0555512 -0.0033502
-0.107752 -0.0033502
-0.107752 -0.0033502
-0.0555512 -0.0033502
-0.0555512 -0.0033502
0.192404 0.0488508
-0.107752 -0.0033502
-0.107752 -0.0033502
-0.107752 -0.0033502
-0.107752 -0.0033502
-0.107752 -0.0033502
-0.0555512 -0.0033502
-0.0555512 -0.0033502
-0.107752 -0.0033502
-0.107752 -0.0033502
-0.0555512 -0.0033502
-0.0555512 -0.0033502
-0.0555512 -0.0033502
-0.107752 -0.0033502
-0.0555512 -0.0033502
-0.0555512 -0.0033502
-0.0555512 -0.0033502
-0.0555512 -0.0033502
0.0358006 -0.0033502
-0.0555512 -0.0033502
0.0358006 -0.0033502
-0.0555512 -0.0033502
-0.146903 -0.0033502
-0.107752 -0.0033502
-0.107752 -0.0033502
-0.107752 -0.0033502
-0.107752 -0.0033502
-0.107752 0.00970005
-0.107752 -0.0033502
-0.107752 -0.0033502
-0.107752 -0.0033502
-0.107752 -0.0033502
-0.107752 -0.0033502
0.205454 0.0488508
-0.0555512 -0.0033502
0.192404 0.0227503
0.192404 0.0227503
0.205454 0.0227503
0.192404 0.00970005
-0.146903 -0.277406
0.270705 -0.146903
0.623062 -0.342657
0.714414 -0.577561
0.792715 -0.681963
1.02762 -0.877717
1.13202 -0.929918
1.13202 -0.929918
1.09287 -0.982119
1.06677 -0.99517
1.06677 -0.99517
1.05372 -1.00822
1.06677 -0.99517
1.06677 -0.99517
1.06677 -0.99517
1.06677 -0.99517
1.06677 -0.99517
1.07982 -0.982119
1.07982 -0.982119
1.06677 -0.99517
1.06677 -0.99517
1.06677 -0.99517
1.06677 -0.99517
1.06677 -0.99517
1.06677 -0.99517
1.06677 -0.99517
1.06677 -0.99517
1.06677 -0.99517
1.06677 -0.99517
1.06677 -0.99517
1.06677 -0.99517
1.06677 -0.99517
1.06677 -0.99517
1.07982 -0.982119
1.06677 -0.99517
1.06677 -0.99517
1.07982 -0.982119
1.07982 -0.982119
1.06677 -0.99517
1.06677 -0.99517
1.06677 -0.99517
1.06677 -0.99517
1.07982 -0.982119
1.06677 -0.99517
1.06677 -0.99517
1.06677 -0.99517
1.06677 -0.99517
1.09287 -1.00822
1.06677 -0.99517
1.06677 -0.99517
1.07982 -0.982119
1.06677 -0.99517
1.06677 -0.99517
1.06677 -0.99517
1.06677 -0.99517
1.06677 -0.99517
1.06677 -0.99517
1.06677 -0.99517
1.06677 -0.99517
1.06677 -0.99517
1.06677 -0.99517
1.07982 -0.982119
1.06677 -0.99517
1.07982 -0.982119
1.06677 -0.99517
1.06677 -0.99517
1.06677 -0.982119
1.06677 -0.99517
1.06677 -0.99517
1.06677 -0.99517
1.06677 -0.99517
1.06677 -0.99517
1.06677 -0.99517
1.06677 -0.99517
1.06677 -0.99517
1.06677 -0.99517
1.06677 -0.99517
1.06677 -0.99517
1.07982 -0.982119
1.06677 -0.99517
1.06677 -0.99517
1.07982 -0.982119
1.06677 -0.99517
1.06677 -0.99517
1.06677 -0.99517
1.06677 -0.99517
1.09287 -1.00822
1.06677 -0.99517
1.06677 -0.99517
1.06677 -0.99517
1.06677 -0.99517
1.06677 -0.99517
1.06677 -0.99517
1.06677 -0.99517
1.06677 -0.99517
1.06677 -0.99517
1.07982 -0.982119
0.649163 -1.30838
0.610012 -1.29533
0.544761 -1.11262
0.192404 -1.20397
0.166303 -1.19092
-0.120803 -1.11262
-0.107752 -1.08652
0.0488508 -1.08652
0.0488508 -1.07347
-0.094702 -1.07347
-0.042501 -1.07347
0.0619011 -1.07347
0.0488508 -1.07347
0.0488508 -1.07347
-0.042501 -1.07347
-0.094702 -1.26922
0.0749513 -1.07347
-0.0816517 -1.06042
-0.094702 -1.07347
0.0619011 -1.07347
-0.094702 -1.06042
0.0619011 -1.06042
-0.094702 -1.07347
0.0619011 -1.07347
0.0619011 -1.07347
0.0619011 -1.06042
0.0619011 -1.07347
0.0619011 -1.07347
0.0619011 -1.07347
0.0619011 -1.07347
0.0619011 -1.07347
0.0488508 -1.08652
0.0619011 -1.07347
0.0619011 -1.07347
-0.094702 -1.07347
0.0619011 -1.07347
0.0619011 -1.07347
0.0619011 -1.07347
0.0619011 -1.07347
0.0619011 -1.07347
0.0619011 -1.07347
-0.094702 -1.07347
0.0619011 -1.07347
0.0619011 -1.07347
0.0619011 -1.07347
0.0749513 -1.07347
0.0619011 -1.07347
-0.094702 -1.07347
-0.094702 -1.07347
0.0619011 -1.07347
0.0619011 -1.07347
0.0619011 -1.07347
0.0619011 -1.07347
0.0488508 -1.08652
0.0619011 -1.07347
0.0619011 -1.07347
0.0488508 -1.08652
0.0619011 -1.08652
0.0619011 -1.07347
0.0619011 -1.07347
0.0619011 -1.07347
0.0619011 -1.08652
0.0619011 -1.07347
0.0619011 -1.07347
0.0619011 -1.08652
0.0619011 -1.06042
0.0488508 -1.08652
0.0619011 -1.07347
0.0488508 -1.08652
0.0488508 -1.08652
0.0488508 -1.08652
0.0488508 -1.08652
0.0619011 -1.08652
0.0488508 -1.08652
0.0488508 -1.08652
-0.094702 -1.08652
0.0619011 -1.07347
0.0619011 -1.07347
-0.094702 -1.08652
0.0488508 -1.08652
0.0619011 -1.07347
0.0619011 -1.07347
-0.094702 -1.07347
0.0619011 -1.07347
-0.094702 -1.07347
0.0619011 -1.07347
-0.094702 -1.08652
0.0619011 -1.07347
0.0619011 -1.07347
0.0619011 -1.07347
0.0619011 -1.07347
0.0619011 -1.07347
0.0619011 -1.07347
0.0619011 -1.07347
0.0619011 -1.07347
-0.094702 -1.07347
0.0619011 -1.07347
-0.094702 -1.07347
0.0619011 -1.07347
0.0619011 -1.07347
0.0619011 -1.07347
0.0619011 -1.07347
0.0619011 -1.07347
0.0619011 -1.07347
0.0619011 -1.07347
-0.094702 -1.08652
0.0619011 -1.07347
0.0619011 -1.07347
0.0619011 -1.07347
0.0619011 -1.07347
0.0619011 -1.07347
0.0619011 -1.07347
0.0488508 -1.08652
-0.094702 -1.08652
0.0619011 -1.07347
0.0488508 -1.08652
-0.094702 -1.07347
0.0619011 -1.07347
-0.094702 -1.08652
-0.0033502 -1.26922
-0.0033502 -1.26922
-0.094702 -1.36058
-0.120803 -1.69988
-0.0033502 -1.84344
0.0880016 -1.83039
0.0619011 -1.63463
-0.094702 -1.59548
-0.0816517 -1.58243
-0.0816517 -1.60853
0.0749513 -1.60853
0.0619011 -1.60853
-0.0816517 -1.59548
-0.0816517 -1.62158
-0.0816517 -1.62158
-0.0816517 -1.60853
-0.0686015 -1.60853
-0.0816517 -1.60853
-0.0816517 -1.60853
-0.0816517 -1.60853
0.0749513 -1.60853
-0.0816517 -1.60853
0.0749513 -1.60853
-0.0816517 -1.62158
0.0749513 -1.60853
-0.0816517 -1.60853
0.0749513 -1.60853
-0.0816517 -1.62158
0.0749513 -1.60853
0.0749513 -1.60853
-0.0816517 -1.60853
-0.0816517 -1.60853
0.0749513 -1.60853
0.0619011 -1.60853
0.0880016 -1.60853
0.0749513 -1.60853
-0.0816517 -1.62158
0.0749513 -1.60853
-0.0816517 -1.62158
-0.0816517 -1.62158
0.0749513 -1.59548
0.0619011 -1.60853
0.0749513 -1.59548
0.0880016 -1.60853
-0.0816517 -1.62158
-0.0816517 -1.59548
-0.0816517 -1.62158
0.0880016 -1.60853
-0.0816517 -1.59548
0.0749513 -1.60853
-0.0686015 -1.60853
0.0619011 -1.62158
-0.0816517 -1.60853
0.0749513 -1.60853
0.0749513 -1.59548
-0.0816517 -1.62158
0.0749513 -1.60853
0.0749513 -1.60853
-0.0816517 -1.60853
0.0358006 -1.60853
0.0749513 -1.60853
0.0880016 -1.60853
-0.0816517 -1.62158
0.0619011 -1.60853
-0.0816517 -1.62158
-0.0816517 -1.62158
0.0749513 -1.60853
-0.0816517 -1.62158
-0.0816517 -1.62158
0.0358006 -1.60853
0.0227503 -1.60853
-0.0816517 -1.62158
-0.0816517 -1.60853
-0.0686015 -1.60853
0.0227503 -1.60853
0.0619011 -1.60853
0.0619011 -1.60853
-0.0816517 -1.60853
-0.0816517 -1.60853
-0.0686015 -1.60853
0.0227503 -1.59548
-0.0686015 -1.62158
0.0749513 -1.60853
-0.0816517 -1.62158
-0.238255 -1.79124
0.0880016 -1.80429
-0.120803 -1.68683
-0.642813 -1.63463
-0.51231 -1.84344
-0.890768 -1.64768
-0.838567 -1.69988
-0.838567 -1.68683
-0.942969 -1.79124
-1.06042 -1.58243
-0.956019 -1.59548
-0.982119 -1.59548
-0.969069 -1.59548
-0.969069 -1.59548
-0.942969 -1.77818
-1.03432 -1.59548
-1.00822 -1.80429
-0.99517 -1.80429
-0.99517 -1.80429
-0.982119 -1.60853
-1.06042 -1.73903
-1.12567 -1.73903
-0.99517 -1.59548
-0.99517 -1.59548
-0.956019 -1.62158
-0.982119 -1.59548
-1.08652 -1.72598
-0.956019 -1.60853
-1.03432 -1.56938
-1.11262 -1.73903
-1.04737 -1.55633
-0.956019 -1.60853
-0.956019 -1.60853
-0.956019 -1.60853
-0.982119 -1.59548
-1.04737 -1.55633
-1.03432 -1.55633
-0.956019 -1.60853
-0.99517 -1.59548
-0.99517 -1.60853
-0.956019 -1.62158
-0.982119 -1.60853
-0.982119 -1.60853
-0.956019 -1.60853
-0.982119 -1.60853
-0.956019 -1.60853
-0.982119 -1.60853
-1.03432 -1.75208
-1.11262 -1.73903
-1.03432 -1.56938
-0.956019 -1.62158
-0.982119 -1.59548
-0.982119 -1.59548
-0.99517 -1.59548
-0.969069 -1.59548
-0.969069 -1.59548
-1.03432 -1.56938
-1.03432 -1.55633
-0.99517 -1.59548
-0.99517 -1.59548
-0.956019 -1.62158
-0.956019 -1.59548
-1.03432 -1.55633
-0.956019 -1.60853
-1.03432 -1.55633
-0.99517 -1.59548
-1.11262 -1.73903
-1.03432 -1.56938
-0.99517 -1.59548
-1.03432 -1.56938
-0.99517 -1.59548
-0.956019 -1.62158
-0.99517 -1.59548
-0.99517 -1.59548
-1.03432 -1.55633
-0.99517 -1.59548
-0.99517 -1.60853
-0.956019 -1.60853
-0.99517 -1.59548
-0.956019 -1.60853
-0.99517 -1.59548
-0.99517 -1.60853
-1.03432 -1.56938
-1.03432 -1.56938
-0.982119 -1.60853
-0.956019 -1.62158
-1.00822 -1.59548
-1.03432 -1.55633
-1.08652 -1.73903
-0.956019 -1.60853
-1.00822 -1.59548
-1.04737 -1.55633
-1.03432 -1.56938
-1.03432 -1.56938
-1.00822 -1.60853
-0.982119 -1.60853
-0.956019 -1.62158
-1.04737 -1.54328
-1.03432 -1.55633
-0.982119 -1.59548
-0.956019 -1.62158
-0.956019 -1.62158
-0.99517 -1.59548
-0.956019 -1.60853
-0.99517 -1.59548
-0.99517 -1.59548
-0.99517 -1.60853
-0.956019 -1.59548
-0.956019 -1.62158
-0.956019 -1.62158
-0.956019 -1.60853
-0.956019 -1.62158
-0.99517 -1.59548
-1.03432 -1.56938
-0.982119 -1.59548
-1.04737 -1.54328
-0.969069 -1.59548
-0.956019 -1.62158
-0.969069 -1.59548
-1.03432 -1.56938
-1.03432 -1.56938
-0.956019 -1.60853
-0.956019 -1.62158
-0.956019 -1.60853
-0.99517 -1.59548
-1.03432 -1.56938
-0.99517 -1.59548
-1.03432 -1.56938
-0.99517 -1.59548
-1.03432 -1.56938
-1.03432 -1.56938
-0.99517 -1.59548
-0.956019 -1.62158
-1.03432 -1.56938
-1.03432 -1.56938
-0.982119 -1.60853
-1.03432 -1.56938
-1.04737 -1.54328
-1.03432 -1.56938
-0.956019 -1.62158
-0.99517 -1.59548
-0.982119 -1.60853
-1.03432 -1.55633
-1.04737 -1.55633
-1.08652 -1.42583
-1.19092 -1.21702
-1.20397 -1.19092
-1.21702 -1.17787
-1.16482 -1.16482
-1.16482 -1.17787
-1.00822 -1.07347
-1.11262 -1.13872
-0.99517 -1.08652
-0.99517 -1.07347
-1.04737 -1.00822
-1.00822 -1.06042
-0.99517 -1.06042
-1.04737 -1.02127
-0.99517 -1.06042
-1.00822 -1.06042
-1.04737 -1.00822
-0.982119 -1.07347
-1.00822 -1.06042
-1.00822 -1.06042
-0.99517 -1.06042
-0.99517 -1.06042
-1.00822 -1.06042
-1.09957 -1.13872
-1.00822 -1.06042
-1.00822 -1.06042
-1.00822 -1.06042
-0.99517 -1.06042
-0.99517 -1.06042
-0.99517 -1.06042
-1.00822 -1.06042
-1.00822 -1.06042
-1.00822 -1.06042
-1.00822 -1.06042
-1.04737 -1.00822
-1.00822 -1.06042
-0.982119 -1.07347
-1.11262 -1.13872
-1.00822 -1.06042
-1.00822 -1.06042
-0.99517 -1.06042
-1.00822 -1.06042
-0.99517 -1.06042
-1.00822 -1.06042
-1.07347 -1.08652
-0.99517 -1.08652
-1.00822 -1.06042
-0.99517 -1.06042
-0.99517 -1.06042
-1.00822 -1.06042
-1.00822 -1.06042
-1.07347 -1.08652
-1.00822 -1.04737
-1.11262 -1.12567
-0.99517 -1.06042
-1.04737 -1.02127
-1.04737 -1.00822
-1.00822 -1.06042
-0.99517 -1.06042
-1.00822 -1.06042
-0.99517 -1.06042
-1.04737 -1.00822
-0.982119 -1.08652
-1.02127 -1.06042
-0.99517 -1.06042
-1.00822 -1.06042
-1.00822 -1.06042
-1.04737 -1.03432
-1.00822 -1.06042
-1.00822 -1.06042
-0.99517 -1.06042
-0.99517 -1.06042
-1.00822 -1.06042
-1.00822 -1.06042
-1.00822 -1.04737
-1.00822 -1.06042
-0.99517 -1.06042
-1.00822 -1.06042
-0.982119 -1.07347
-1.00822 -1.06042
-1.04737 -1.00822
-1.00822 -1.06042
-1.11262 -1.13872
-1.04737 -1.02127
-1.11262 -1.13872
-1.02127 -1.06042
-0.99517 -1.07347
-1.02127 -1.06042
-0.99517 -1.06042
-0.99517 -1.06042
-1.04737 -1.00822
-1.08652 -1.08652
-0.982119 -1.08652
-1.07347 -1.08652
-1.11262 -1.13872
-1.11262 -1.15177
-1.03432 -1.02127
-1.00822 -1.06042
-0.99517 -1.06042
-0.99517 -1.06042
-1.00822 -1.06042
-0.99517 -1.06042
-1.04737 -1.00822
-1.04737 -1.00822
-1.00822 -1.06042
-1.00822 -1.06042
-1.00822 -1.06042
-1.00822 -1.06042
-0.99517 -1.06042
-1.15177 -1.12567
-1.25617 -0.786366
-1.28228 -0.538411
-1.13872 -0.760265
-1.19092 -0.251305
-1.19092 -0.186054
-1.06042 -0.0294507
-1.06042 -0.0164005
-1.04737 -0.094702
-1.04737 0.0358006
-1.04737 0.0358006
-1.03432 0.0358006
-1.06042 -0.0164005
-1.03432 -0.0164005
-1.04737 0.0358006
-1.04737 0.0358006
-1.04737 0.0358006
-1.04737 0.0358006
-1.04737 0.0358006
-1.04737 0.0358006
-1.04737 -0.0294507
-1.03432 -0.107752
-1.04737 0.0358006
-1.04737 -0.0294507
-1.04737 -0.0294507
-1.04737 -0.0294507
-1.03432 0.0358006
-1.04737 0.0358006
-1.03432 -0.107752
-1.04737 -0.120803
-1.04737 0.0358006
-1.04737 0.0227503
-1.04737 0.0358006
-1.03432 -0.120803
-1.04737 0.0227503
-1.03432 -0.120803
-1.04737 0.0358006
-1.03432 -0.120803
-1.03432 -0.120803
-1.04737 0.0358006
-1.03432 0.0358006
-1.03432 0.0358006
-1.03432 -0.0555512
-1.04737 0.0488508
-1.04737 0.0227503
-1.03432 -0.120803
-1.03432 0.0358006
-1.03432 0.0358006
-1.04737 0.0358006
-1.03432 0.0358006
-1.03432 0.0358006
-1.04737 0.0488508
-1.04737 0.0488508
-1.04737 0.0227503
-1.04737 0.0358006
-1.04737 0.0488508
-1.04737 0.0488508
-1.03432 -0.0555512
-1.04737 0.0358006
-1.04737 0.0488508
-1.03432 0.0358006
-1.04737 0.0358006
-1.04737 0.0488508
-1.04737 0.0358006
-1.04737 0.0358006
-1.04737 0.0358006
-1.03432 -0.107752
-1.03432 -0.107752
-1.03432 -0.0164005
-1.03432 -0.107752
-1.04737 -0.0294507
-1.04737 0.0488508
-1.04737 -0.0294507
-1.04737 -0.0294507
-1.23007 -0.173004
-1.62158 0.140203
-1.63463 0.205454
-2.14359 0.114102
-2.18274 -0.0294507
-2.46985 -0.159953
-2.84831 -0.238255
-2.93966 -0.251305
-3.01796 -0.120803
-3.48777 -0.0555512
-3.47472 -0.094702
-3.47472 -0.094702
-3.46167 -0.094702
-3.44862 -0.251305
-3.44862 -0.251305
-3.46167 -0.0816517
-3.46167 -0.094702
-3.47472 -0.120803
-3.44862 -0.094702
-3.46167 -0.120803
-3.43557 -0.173004
-3.44862 -0.173004
-3.43557 -0.120803
-3.46167 -0.120803
-3.43557 -0.225205
-3.44862 -0.173004
-3.44862 -0.094702
-3.44862 -0.094702
-3.43557 -0.107752
-3.44862 -0.094702
-3.43557 -0.107752
-3.44862 -0.094702
-3.44862 -0.094702
-3.47472 -0.120803
-3.47472 -0.133853
-3.44862 -0.238255
-3.44862 -0.094702
-3.47472 -0.120803
-3.44862 -0.094702
-3.44862 -0.173004
-3.44862 -0.238255
-3.43557 -0.173004
-3.43557 -0.133853
-3.43557 -0.133853
-3.44862 -0.173004
-3.43557 -0.146903
-3.44862 -0.094702
-3.43557 -0.146903
-3.44862 -0.094702
-3.43557 -0.120803
-3.47472 -0.120803
-3.43557 -0.146903
-3.43557 -0.107752
-3.43557 -0.120803
-3.43557 -0.120803
-3.44862 -0.094702
-3.47472 -0.186054
-3.43557 -0.133853
-3.44862 -0.107752
-3.44862 -0.094702
-3.47472 -0.133853
-3.42252 -0.120803
-3.44862 -0.094702
-3.42252 -0.094702
-3.43557 -0.225205
-3.43557 -0.173004
-3.43557 -0.120803
-3.44862 -0.120803
-3.43557 -0.173004
-3.42252 -0.094702
-3.50082 -0.146903
-3.44862 -0.238255
-3.43557 -0.133853
-3.47472 -0.133853
-3.47472 -0.133853
-3.43557 -0.133853
-3.47472 -0.120803
-3.43557 -0.173004
-3.42252 -0.094702
-3.42252 -0.107752
-3.44862 -0.133853
-3.40947 -0.146903
-3.43557 -0.146903
-3.42252 -0.120803
-3.43557 -0.094702
-3.44862 -0.120803
-3.44862 -0.120803
-3.44862 -0.094702
-3.46167 -0.094702
-3.44862 -0.133853
-3.43557 -0.120803
-3.44862 -0.120803
-3.43557 -0.120803
-3.42252 -0.107752
-3.44862 -0.094702
-3.72267 -0.238255
-3.44862 -0.094702
-3.44862 -0.120803
-3.40947 -0.107752
-3.42252 -0.094702
-3.47472 -0.133853
-3.47472 -0.133853
-3.44862 -0.133853
-3.47472 -0.133853
-3.46167 -0.0555512
-3.46167 -0.0294507
-3.47472 -0.0294507
-3.47472 -0.0294507
-3.51387 -0.238255
-3.46167 -0.0816517
-3.44862 -0.107752
-3.44862 -0.120803
-3.43557 -0.133853
-3.44862 -0.173004
-3.44862 -0.0686015
-3.44862 -0.094702
-3.44862 -0.094702
-3.44862 -0.159953
-3.44862 -0.173004
-3.44862 -0.173004
-3.65742 0.362057
-3.48777 -0.0164005
-3.43557 0.414258
-3.46167 0.596962
-3.46167 0.596962
-3.44862 0.583911
-3.52692 0.623062
-3.44862 0.792715
-3.44862 0.740514
-3.43557 0.792715
-3.42252 0.844916
-3.43557 0.805766
-3.40947 0.844916
-3.42252 0.818816
-3.43557 0.805766
-3.72267 0.818816
-3.43557 0.766615
-3.40947 0.857967
-3.43557 0.766615
-3.43557 0.805766
-3.42252 0.805766
-3.43557 0.766615
-3.42252 0.857967
-3.42252 0.818816
-3.43557 0.805766
-3.42252 0.844916
-3.44862 0.818816
-3.42252 0.818816
-3.44862 0.818816
-3.43557 0.805766
-3.42252 0.857967
-3.42252 0.818816
-3.44862 0.805766
-3.40947 0.857967
-3.40947 0.857967
-3.44862 0.805766
-3.44862 0.805766
-3.46167 0.818816
-3.43557 0.818816
-3.44862 0.818816
-3.43557 0.818816
-3.43557 0.818816
-3.43557 0.818816
-3.44862 0.805766
-3.43557 0.805766
-3.40947 0.857967
-3.44862 0.766615
-3.43557 0.818816
-3.44862 0.818816
-3.46167 0.818816
-3.43557 0.818816
-3.44862 0.818816
-3.43557 0.779665
-3.50082 0.753565
-3.63132 0.884067
-3.80097 2.26739
-3.34422 4.14663
-3.12236 4.52509
-3.12236 4.52509
-0.786366 4.73389
