2.07164 -1.13872
2.08469 -1.13872
2.08469 -1.13872
1.95419 -1.02127
2.08469 -1.15177
1.95419 -1.02127
2.08469 -1.20397
1.96724 -1.04737
1.99334 -1.07347
1.99334 -1.07347
1.99334 -1.07347
1.99334 -1.07347
1.99334 -1.07347
1.98029 -1.03432
1.98029 -1.02127
1.99334 -1.07347
1.99334 -1.07347
1.92809 -1.08652
1.95419 -1.03432
1.92809 -1.08652
1.96724 -1.00822
1.98029 -1.03432
1.99334 -1.07347
1.99334 -1.07347
1.98029 -1.03432
1.95419 -0.982119
1.91504 -1.08652
1.99334 -1.07347
1.92809 -1.08652
1.94114 -1.08652
1.91504 -1.08652
1.99334 -1.07347
1.99334 -1.07347
1.92809 -1.08652
1.99334 -1.07347
1.99334 -1.07347
1.94114 -1.08652
1.92809 -1.08652
1.92809 -1.08652
1.95419 -0.99517
1.98029 -1.03432
1.99334 -1.07347
1.91504 -1.08652
1.91504 -1.08652
1.95419 -0.982119
1.91504 -1.08652
1.99334 -1.07347
1.90199 -1.08652
2.01944 -1.23007
0.897117 -1.06042
0.897117 -1.06042
0.897117 -1.06042
0.897117 -1.06042
0.897117 -1.06042
0.897117 -1.06042
0.897117 -1.06042
0.897117 -1.06042
0.897117 -1.06042
0.897117 -1.06042
0.897117 -1.06042
0.884067 -1.07347
0.897117 -1.06042
0.897117 -1.06042
0.884067 -1.07347
0.897117 -1.06042
0.975419 -1.00822
0.962369 -1.02127
0.897117 -1.06042
0.923218 -1.04737
0.910168 -1.06042
0.923218 -1.03432
0.936268 -1.03432
0.884067 -1.07347
0.884067 -1.07347
0.897117 -1.06042
0.936268 -1.02127
0.923218 -1.04737
0.897117 -1.06042
0.897117 -1.06042
0.897117 -1.06042
0.936268 -1.03432
0.897117 -1.06042
0.936268 -1.02127
0.897117 -1.06042
0.897117 -1.06042
0.910168 -1.06042
0.936268 -1.03432
0.910168 -1.04737
0.923218 -1.02127
0.910168 -1.04737
0.923218 -1.03432
0.897117 -1.06042
0.897117 -1.06042
0.936268 -1.03432
0.936268 -1.02127
0.949318 -1.02127
0.884067 -1.07347
0.923218 -1.03432
0.923218 -1.04737
0.884067 -1.07347
0.949318 -1.00822
0.897117 -1.06042
0.897117 -1.06042
0.910168 -1.06042
0.897117 -1.06042
0.884067 -1.07347
0.897117 -1.06042
0.897117 -1.06042
0.923218 -1.02127
0.923218 -1.02127
0.910168 -1.06042
0.910168 -1.04737
0.910168 -1.06042
0.884067 -1.07347
0.923218 -1.02127
0.923218 -1.03432
0.923218 -1.03432
0.897117 -1.06042
0.897117 -1.06042
0.962369 -1.02127
0.0488508 -0.0164005
0.0488508 -0.0164005
0.0488508 -0.0164005
0.0488508 -0.0164005
0.0488508 -0.0164005
0.0488508 -0.0164005
-0.0816517 -0.0164005
0.0488508 -0.0164005
0.0488508 -0.0164005
0.0488508 -0.0164005
0.0488508 -0.0164005
0.0488508 -0.0164005
0.0488508 -0.0164005
0.0488508 -0.0164005
0.0488508 -0.0164005
0.0488508 -0.0164005
0.0488508 -0.0164005
0.0488508 -0.0164005
0.0488508 -0.0164005
0.0488508 -0.0164005
0.0488508 -0.0164005
0.0488508 -0.0164005
0.0488508 -0.0164005
0.0488508 -0.0164005
-0.329607 -0.0686015
0.0488508 -0.0164005
-0.329607 -0.0686015
0.0488508 -0.0164005
0.0488508 -0.0164005
0.0488508 -0.0164005
0.0488508 -0.0164005
0.0488508 -0.0164005
0.0488508 -0.0164005
0.0488508 -0.0164005
-0.0164005 -0.186054
-0.0555512 0.0749513
-0.120803 -0.0816517
0.00970005 0.0619011
-0.0816517 -0.0686015
-0.0686015 -0.0686015
0.0749513 -0.0555512
0.0488508 0.101052
0.0749513 0.0880016
0.114102 0.0488508
0.0749513 0.0358006
0.0749513 0.0488508
0.0619011 0.0358006
-0.120803 -0.0033502
-0.120803 -0.0033502
0.0227503 -0.0033502
-0.133853 -0.0033502
-0.0686015 -0.0555512
-0.0555512 0.0227503
-0.120803 -1.02127
0.00970005 -1.02127
-0.120803 -1.00822
0.00970005 -1.00822
-0.0686015 -1.00822
-0.120803 -1.00822
0.00970005 -1.00822
-0.120803 -1.00822
-0.120803 -1.00822
-0.0555512 -1.02127
0.00970005 -1.00822
-0.120803 -1.00822
-0.120803 -1.00822
-0.120803 -1.00822
-0.120803 -1.00822
0.00970005 -1.00822
-0.0033502 -1.02127
-0.120803 -1.00822
-0.0686015 -1.00822
0.00970005 -1.00822
0.00970005 -1.00822
-0.120803 -1.02127
-0.120803 -1.00822
-0.0164005 -1.02127
0.00970005 -1.02127
-0.120803 -1.00822
-0.120803 -1.00822
-0.120803 -1.00822
-0.0686015 -1.00822
0.00970005 -1.00822
0.00970005 -1.03432
-0.0686015 -1.00822
-0.0686015 -1.02127
0.00970005 -1.00822
-0.0686015 -1.02127
-0.120803 -1.00822
0.00970005 -1.00822
-0.0555512 -1.02127
-0.120803 -1.00822
-0.120803 -1.00822
-0.120803 -1.00822
-0.0686015 -1.00822
-0.0164005 -1.03432
-0.0033502 -1.02127
0.00970005 -1.02127
-0.120803 -1.00822
-0.120803 -1.00822
-0.120803 -1.00822
-0.0686015 -1.02127
-0.0294507 -1.02127
0.00970005 -1.02127
-0.120803 -1.02127
-0.120803 -1.02127
-0.120803 -1.02127
-0.0686015 -1.02127
-0.120803 -1.02127
-0.0686015 -1.02127
-0.0686015 -1.02127
-0.120803 -1.02127
-0.120803 -1.00822
-0.0686015 -1.00822
-0.120803 -1.00822
-0.120803 -1.00822
-0.120803 -1.00822
-0.120803 -1.02127
-0.0686015 -1.02127
-0.120803 -1.00822
-0.173004 -1.15177
0.0488508 -1.17787
0.0227503 -1.15177
-1.04737 -0.903818
-1.03432 -0.890768
-1.03432 -0.890768
-1.04737 -0.903818
-1.02127 -0.890768
-1.04737 -0.903818
-1.03432 -0.903818
-1.03432 -0.903818
-0.982119 -0.969069
-1.03432 -0.916868
-1.04737 -0.903818
-0.982119 -0.969069
-0.982119 -0.969069
-0.982119 -0.969069
-1.03432 -0.916868
-1.06042 -0.916868
-1.03432 -0.903818
-1.03432 -0.903818
-1.06042 -0.916868
-0.982119 -0.969069
-1.03432 -0.916868
-1.06042 -0.916868
-1.04737 -0.903818
-0.982119 -0.969069
-1.04737 -0.903818
-1.03432 -0.916868
-1.03432 -0.903818
-1.03432 -0.903818
-1.03432 -0.903818
-1.03432 -0.916868
-1.03432 -0.903818
-1.02127 -0.890768
-1.03432 -0.903818
-1.03432 -0.903818
-1.03432 -0.851617
-0.982119 -0.969069
-0.982119 -0.969069
-1.03432 -0.903818
-1.03432 -0.838567
-1.03432 -0.916868
-1.03432 -0.903818
-1.02127 -0.838567
-1.03432 -0.903818
-1.02127 -0.890768
-0.982119 -0.969069
-0.982119 -0.969069
-0.982119 -0.969069
-1.04737 -0.864667
-0.982119 -0.969069
-1.07347 -0.877717
-1.03432 -0.903818
-0.982119 -0.969069
-0.982119 -0.969069
-0.982119 -0.969069
-0.982119 -0.969069
-1.03432 -0.903818
-1.03432 -0.916868
-1.03432 -0.903818
-0.982119 -0.969069
-1.03432 -0.903818
-1.03432 -0.903818
-1.04737 -0.903818
-1.19092 -1.07347
-1.13872 -1.20397
-2.07834 -2.82221
-2.19579 -3.00491
-2.05224 -2.84831
-2.07834 -3.07016
-2.02614 -2.83526
-2.14359 -3.03101
-2.06529 -3.07016
-2.14359 -3.03101
-2.02614 -2.84831
-2.05224 -2.80916
-2.02614 -2.87441
-2.07834 -3.07016
-2.07834 -3.08321
-2.07834 -3.07016
-2.07834 -3.07016
-2.06529 -3.08321
-2.07834 -3.08321
-2.14359 -3.03101
-2.01309 -2.83526
-2.02614 -2.84831
-2.07834 -3.07016
-2.07834 -3.08321
-2.07834 -3.08321
-2.07834 -3.08321
-2.14359 -3.03101
-2.07834 -3.08321
-2.06529 -3.08321
-2.06529 -3.07016
-2.02614 -2.84831
-2.07834 -3.08321
-2.06529 -3.08321
-2.06529 -3.08321
-2.01309 -2.83526
-2.07834 -3.08321
-2.07834 -3.07016
-2.07834 -3.07016
-2.07834 -3.08321
-2.07834 -3.08321
-2.07834 -3.08321
-2.03919 -2.7961
-2.07834 -3.08321
-1.96089 -2.83526
-2.07834 -3.08321
-2.06529 -3.07016
-2.07834 -3.07016
-2.14359 -3.03101
-2.14359 -3.03101
-2.14359 -3.03101
-2.07834 -3.08321
-2.06529 -3.07016
-2.07834 -3.08321
-2.07834 -3.08321
-2.06529 -3.07016
-1.96089 -2.82221
-2.06529 -3.07016
-2.06529 -3.07016
-2.07834 -3.08321
-2.07834 -3.08321
-2.06529 -3.08321
-2.07834 -3.07016
-2.07834 -3.08321
-2.07834 -3.08321
-2.07834 -3.08321
-2.14359 -3.03101
-2.07834 -3.07016
-2.07834 -3.08321
-2.07834 -3.08321
-2.02614 -2.83526
-2.07834 -3.08321
-2.07834 -3.08321
-2.06529 -3.07016
-2.07834 -3.08321
-2.07834 -3.07016
-2.07834 -3.08321
-2.06529 -3.08321
-2.06529 -3.07016
-2.07834 -3.08321
-2.07834 -3.08321
-2.14359 -3.03101
-2.07834 -3.08321
-2.07834 -3.08321
-2.07834 -3.08321
-2.01309 -2.83526
-2.03919 -2.82221
-2.07834 -3.08321
-2.07834 -3.08321
-2.07834 -3.07016
-2.14359 -3.03101
-2.07834 -3.07016
-2.07834 -2.93966
-2.00004 -3.74877
-2.05224 -3.72267
-2.06529 -3.72267
-2.06529 -3.72267
-2.00004 -3.76182
-2.11749 -4.03588
-2.06529 -3.72267
-2.00004 -3.76182
-2.06529 -3.72267
-2.00004 -3.76182
-2.06529 -3.72267
-2.00004 -3.76182
-2.06529 -3.72267
-2.00004 -3.76182
-2.06529 -3.72267
-2.06529 -3.72267
-2.06529 -3.72267
-1.98699 -3.76182
-2.06529 -3.72267
-2.00004 -3.74877
-2.06529 -3.72267
-2.06529 -3.72267
-2.06529 -3.72267
-2.07834 -3.70962
-2.06529 -3.72267
-2.00004 -3.74877
-2.06529 -3.72267
-2.06529 -3.72267
-2.06529 -3.72267
-2.06529 -3.70962
-2.01309 -3.74877
-2.00004 -3.76182
-2.06529 -3.72267
-2.00004 -3.76182
-2.07834 -3.70962
-2.00004 -3.76182
-2.06529 -3.70962
-2.07834 -3.70962
-2.00004 -3.76182
-2.00004 -3.76182
-2.01309 -3.73572
-2.00004 -3.76182
-2.01309 -3.74877
-2.00004 -3.74877
-2.00004 -3.74877
-2.00004 -3.74877
-2.00004 -3.74877
-2.06529 -3.72267
-2.06529 -3.72267
-2.00004 -3.76182
-2.06529 -3.72267
-2.06529 -3.70962
-2.06529 -3.72267
-1.98699 -3.73572
-2.01309 -3.74877
-2.06529 -3.72267
-2.00004 -3.76182
-2.01309 -3.73572
-2.01309 -3.74877
-2.06529 -3.72267
-2.07834 -3.70962
-2.00004 -3.76182
-2.01309 -3.73572
-2.07834 -3.72267
-2.06529 -3.70962
-2.06529 -3.72267
-2.06529 -3.72267
-1.98699 -3.74877
-2.01309 -3.73572
-2.06529 -3.72267
-2.06529 -3.70962
-2.00004 -3.76182
-2.01309 -3.73572
-2.07834 -3.72267
-2.00004 -3.76182
-2.00004 -3.74877
-2.00004 -3.73572
-2.00004 -3.76182
-2.06529 -3.72267
-2.00004 -3.76182
-2.06529 -3.72267
-2.00004 -3.76182
-2.00004 -3.76182
-2.00004 -3.76182
-2.06529 -3.72267
-1.98699 -3.76182
-2.01309 -3.74877
-2.00004 -3.76182
-2.06529 -3.72267
-2.01309 -3.73572
-2.06529 -3.70962
-2.06529 -3.70962
-2.01309 -3.74877
-2.01309 -3.74877
-2.00004 -3.76182
-2.00004 -3.74877
-2.06529 -3.72267
-2.00004 -3.76182
-2.00004 -3.76182
-2.06529 -3.72267
-2.06529 -3.72267
-2.00004 -3.74877
-2.00004 -3.76182
-2.06529 -3.72267
-2.06529 -3.72267
-2.00004 -3.76182
-2.00004 -3.76182
-2.00004 -3.74877
-2.00004 -3.76182
-2.00004 -3.76182
-2.00004 -3.76182
-2.00004 -3.76182
-2.01309 -3.74877
-2.00004 -3.74877
-2.02614 -3.73572
-2.00004 -3.76182
-2.01309 -3.74877
-2.06529 -3.72267
-2.00004 -3.76182
-2.01309 -3.74877
-2.06529 -3.72267
-2.00004 -3.76182
-2.06529 -3.72267
-2.00004 -3.76182
-2.00004 -3.74877
-2.01309 -3.74877
-2.00004 -3.76182
-2.00004 -3.76182
-2.01309 -3.73572
-2.00004 -3.74877
-2.05224 -3.72267
-2.06529 -3.72267
-2.00004 -3.74877
-1.92174 -3.89233
-1.06042 -2.91356
-1.06042 -2.88746
-1.08652 -3.14846
-1.08652 -3.14846
-1.15177 -3.10931
-1.03432 -2.87441
-1.08652 -3.14846
-1.06042 -2.91356
-1.06042 -2.88746
-1.06042 -2.91356
-1.07347 -2.92661
-1.08652 -3.14846
-1.06042 -2.88746
-1.06042 -2.91356
-1.08652 -3.14846
-1.15177 -3.10931
-1.04737 -2.88746
-1.15177 -3.12236
-1.15177 -3.10931
-1.15177 -3.09626
-1.06042 -2.91356
-1.15177 -3.10931
-1.15177 -3.10931
-1.15177 -3.10931
-1.15177 -3.10931
-1.15177 -3.10931
-1.15177 -3.10931
-1.06042 -2.88746
-1.15177 -3.10931
-1.06042 -2.91356
-1.08652 -3.14846
-1.06042 -2.88746
-1.08652 -3.14846
-1.15177 -3.12236
-1.15177 -3.10931
-1.08652 -3.14846
-1.15177 -3.10931
-1.08652 -3.14846
-1.08652 -3.14846
-1.15177 -3.10931
-1.08652 -3.14846
-1.08652 -3.14846
-1.15177 -3.10931
-1.15177 -3.10931
-1.08652 -3.14846
-1.15177 -3.10931
-1.15177 -3.10931
-1.06042 -2.91356
-1.04737 -2.88746
-1.06042 -2.91356
-1.15177 -3.10931
-1.15177 -3.10931
-1.06042 -2.91356
-1.15177 -3.10931
-1.06042 -2.91356
-1.15177 -3.10931
-1.15177 -3.10931
-1.08652 -3.14846
-1.08652 -3.14846
-1.04737 -2.88746
-1.15177 -3.10931
-1.08652 -3.14846
-1.15177 -3.10931
-1.08652 -3.14846
-1.08652 -3.14846
-1.15177 -3.10931
-1.15177 -3.10931
-1.15177 -3.10931
-1.08652 -3.14846
-1.04737 -2.88746
-1.04737 -2.91356
-1.08652 -3.14846
-1.15177 -3.10931
-1.08652 -3.14846
-1.15177 -3.12236
-1.08652 -3.13541
-1.06042 -2.91356
-1.08652 -3.14846
-1.15177 -3.10931
-1.08652 -3.14846
-1.08652 -3.14846
-1.08652 -3.14846
-1.02127 -2.88746
-1.15177 -3.10931
-1.08652 -3.14846
-1.08652 -3.14846
-1.08652 -3.14846
-1.15177 -3.10931
-1.12567 -3.12236
-1.07347 -2.86136
-1.15177 -3.10931
-1.15177 -3.10931
-1.15177 -3.10931
-1.03432 -2.87441
-1.06042 -2.91356
-1.15177 -3.10931
-1.15177 -3.10931
-1.15177 -3.10931
-1.06042 -2.91356
-1.07347 -2.91356
-1.11262 -3.12236
-1.03432 -2.87441
-1.15177 -3.09626
-1.15177 -3.10931
-1.15177 -3.10931
-1.06042 -2.91356
-1.06042 -2.88746
-1.08652 -3.14846
-1.08652 -3.14846
-1.08652 -3.14846
-1.15177 -3.10931
-1.06042 -2.91356
-1.06042 -2.88746
-1.07347 -2.91356
-1.06042 -2.91356
-1.08652 -3.14846
-1.06042 -2.88746
-1.07347 -2.87441
-1.00822 -2.91356
-0.99517 -1.98699
-0.99517 -1.98699
-1.00822 -1.98699
-1.00822 -1.98699
-1.06042 -1.96089
-0.99517 -1.98699
-1.00822 -1.98699
-0.99517 -1.98699
-0.99517 -1.98699
-0.99517 -1.98699
-0.99517 -1.98699
-1.06042 -1.96089
-0.99517 -1.98699
-0.99517 -1.98699
-1.00822 -1.98699
-0.99517 -1.98699
-0.99517 -1.98699
-0.99517 -1.98699
-0.99517 -1.98699
-1.00822 -1.98699
-0.99517 -1.98699
-1.00822 -1.98699
-0.99517 -1.98699
-1.00822 -1.98699
-0.99517 -1.98699
-0.99517 -1.98699
-0.99517 -1.98699
-1.06042 -1.96089
-1.00822 -1.98699
-0.99517 -1.98699
-0.99517 -1.98699
-0.99517 -1.98699
-1.00822 -1.98699
-0.99517 -1.98699
-0.99517 -1.98699
-0.99517 -1.98699
-0.99517 -1.98699
-1.00822 -1.98699
-0.99517 -1.98699
-1.00822 -1.98699
-0.99517 -1.98699
-1.00822 -1.98699
-0.99517 -1.98699
-1.00822 -1.98699
-0.99517 -1.98699
-1.00822 -1.98699
-0.99517 -1.98699
-1.00822 -1.98699
-0.99517 -1.98699
-1.00822 -1.98699
-0.99517 -1.98699
-1.00822 -1.98699
-1.00822 -1.98699
-0.99517 -1.98699
-1.00822 -1.98699
-0.99517 -1.98699
-1.00822 -1.98699
-0.99517 -1.98699
-1.00822 -1.98699
-0.99517 -1.98699
-0.99517 -1.98699
-0.99517 -1.98699
-1.00822 -1.98699
-0.99517 -1.98699
-1.00822 -1.98699
-1.00822 -1.98699
-1.00822 -1.98699
-0.99517 -1.98699
-0.99517 -1.98699
-1.00822 -1.98699
-0.99517 -1.98699
-1.00822 -1.98699
-0.99517 -1.98699
-0.99517 -1.98699
-0.99517 -1.98699
-1.00822 -1.98699
-0.99517 -1.98699
-1.00822 -1.98699
-0.99517 -1.98699
-0.99517 -1.98699
-0.99517 -1.98699
-0.99517 -1.98699
-0.99517 -1.98699
-0.99517 -1.98699
-0.99517 -1.98699
-0.99517 -1.98699
-0.99517 -1.98699
-0.99517 -1.98699
-0.99517 -1.98699
-0.99517 -1.98699
-0.99517 -1.98699
-0.99517 -1.98699
-0.99517 -1.98699
-0.99517 -1.98699
-0.99517 -1.98699
-1.06042 -1.94784
-0.99517 -1.98699
-0.99517 -1.98699
-0.99517 -1.98699
-1.13872 -2.16969
-0.99517 -1.97394
-0.042501 -2.00004
-0.107752 -2.00004
-0.042501 -2.00004
-0.0164005 -2.02614
-0.133853 -2.01309
-0.0164005 -2.02614
-0.094702 -2.00004
-0.042501 -2.02614
-0.0164005 -2.00004
-0.120803 -2.00004
-0.042501 -2.01309
-0.042501 -2.02614
-0.042501 -2.02614
-0.094702 -2.00004
-0.042501 -2.00004
-0.0555512 -2.00004
-0.094702 -2.00004
-0.0555512 -2.00004
-0.0555512 -2.00004
-0.159953 -2.01309
-0.0164005 -2.00004
-0.0555512 -2.00004
-0.133853 -2.01309
-0.159953 -1.98699
-0.0555512 -2.01309
-0.0164005 -2.02614
-0.042501 -2.00004
-0.042501 -2.00004
-0.159953 -2.01309
-0.042501 -2.00004
-0.042501 -2.00004
-0.094702 -2.00004
-0.042501 -2.00004
-0.159953 -2.01309
-0.042501 -2.00004
-0.107752 -2.00004
-0.159953 -2.01309
-0.159953 -2.01309
-0.159953 -2.01309
-0.0164005 -2.00004
-0.094702 -1.98699
-0.159953 -2.01309
-0.042501 -2.00004
-0.0294507 -2.00004
-0.0555512 -2.01309
-0.120803 -2.00004
-0.146903 -1.98699
-0.0164005 -2.00004
-0.0555512 -2.00004
-0.120803 -2.00004
0.00970005 -2.20884
-0.159953 -2.01309
-0.094702 -2.02614
-0.042501 -2.00004
-0.0555512 -2.01309
-0.159953 -2.01309
-0.120803 -2.00004
-0.0555512 -2.00004
-0.120803 -2.00004
-0.120803 -2.00004
-0.146903 -2.01309
-0.146903 -2.01309
-0.0555512 -2.00004
-0.120803 -2.00004
-0.094702 -2.00004
-0.042501 -2.00004
-0.0164005 -2.00004
-0.042501 -2.00004
-0.107752 -2.00004
-0.042501 -2.00004
-0.120803 -2.00004
-0.107752 -2.00004
-0.042501 -2.00004
-0.042501 -2.00004
-0.133853 -2.01309
-0.159953 -2.01309
-0.0164005 -2.02614
-0.042501 -2.00004
-0.042501 -2.00004
-0.042501 -2.00004
-0.159953 -2.01309
-0.0555512 -2.01309
-0.0164005 -2.00004
-0.042501 -2.00004
-0.0164005 -2.00004
-0.0555512 -2.01309
-0.042501 -2.00004
-0.0555512 -2.01309
-0.0555512 -2.00004
-0.042501 -2.00004
-0.0555512 -2.00004
-0.042501 -2.00004
-0.094702 -2.00004
-0.0033502 -2.02614
-0.0033502 -2.02614
-0.133853 -2.01309
-0.0555512 -2.00004
-0.0033502 -2.02614
0.0619011 -2.14359
0.923218 -1.97394
0.844916 -1.97394
0.844916 -1.98699
0.844916 -1.98699
0.844916 -1.98699
0.923218 -1.96089
0.871017 -1.97394
0.844916 -1.98699
0.844916 -2.00004
0.844916 -1.98699
0.884067 -1.98699
0.844916 -2.00004
0.884067 -1.97394
0.923218 -1.97394
0.884067 -1.97394
0.923218 -1.97394
0.923218 -1.96089
0.897117 -2.00004
0.897117 -1.98699
0.871017 -2.00004
0.923218 -1.98699
0.923218 -1.97394
0.884067 -2.00004
0.923218 -1.97394
0.923218 -1.97394
0.897117 -2.00004
0.871017 -1.98699
0.923218 -1.97394
0.884067 -2.00004
0.844916 -1.98699
0.884067 -1.98699
0.884067 -1.98699
0.923218 -1.97394
0.923218 -1.98699
0.910168 -2.00004
0.884067 -1.98699
0.897117 -2.00004
0.923218 -1.98699
0.910168 -2.00004
0.910168 -1.98699
0.884067 -1.98699
0.910168 -2.00004
0.975419 -2.18274
0.923218 -1.98699
0.923218 -1.97394
0.897117 -1.98699
0.910168 -2.00004
0.923218 -1.97394
0.897117 -2.00004
0.884067 -2.00004
0.910168 -2.00004
0.910168 -2.00004
0.923218 -1.97394
0.923218 -1.97394
0.910168 -2.00004
0.884067 -2.00004
0.923218 -1.97394
0.884067 -1.98699
0.844916 -1.97394
0.923218 -1.97394
0.923218 -1.97394
0.897117 -2.00004
0.884067 -2.00004
0.923218 -1.97394
0.884067 -2.00004
0.884067 -2.00004
0.897117 -2.00004
0.910168 -2.00004
0.910168 -2.00004
0.910168 -2.00004
0.910168 -2.00004
0.897117 -1.98699
0.910168 -2.00004
0.884067 -2.00004
0.884067 -2.00004
0.923218 -1.98699
0.923218 -1.97394
0.844916 -2.00004
0.910168 -1.98699
0.923218 -1.97394
0.910168 -2.00004
0.884067 -1.98699
0.884067 -1.98699
0.910168 -2.00004
0.844916 -2.00004
0.910168 -2.00004
0.897117 -2.00004
0.923218 -1.98699
0.910168 -1.98699
0.910168 -2.00004
0.884067 -2.00004
0.844916 -2.00004
0.884067 -2.00004
0.884067 -2.00004
0.897117 -2.00004
0.897117 -2.00004
0.897117 -1.98699
0.884067 -1.98699
0.884067 -2.00004
0.844916 -2.00004
0.910168 -2.00004
0.910168 -2.00004
0.844916 -2.00004
0.910168 -2.00004
0.884067 -1.98699
0.884067 -2.00004
0.897117 -2.00004
0.897117 -2.00004
0.923218 -1.97394
0.884067 -1.98699
0.844916 -2.00004
0.910168 -2.00004
0.897117 -1.98699
0.923218 -1.98699
0.923218 -1.97394
0.884067 -2.00004
0.910168 -2.00004
0.844916 -2.00004
0.923218 -1.97394
0.923218 -1.97394
0.910168 -2.00004
0.884067 -1.98699
0.844916 -1.98699
0.897117 -2.00004
0.884067 -2.00004
0.844916 -2.00004
0.897117 -1.98699
0.844916 -1.98699
0.910168 -1.98699
0.949318 -2.16969
1.02762 -2.16969
1.01457 -2.16969
0.910168 -2.20884
0.844916 -2.92661
0.910168 -3.17456
0.844916 -2.91356
0.884067 -2.90051
0.857967 -2.93966
0.844916 -2.92661
0.857967 -2.93966
0.844916 -2.93966
0.857967 -2.93966
0.857967 -2.93966
0.844916 -2.92661
0.910168 -3.17456
0.844916 -2.93966
0.844916 -2.93966
0.857967 -2.93966
0.871017 -2.91356
0.871017 -2.90051
0.844916 -2.92661
0.857967 -2.91356
0.871017 -2.90051
0.884067 -2.90051
0.818816 -2.92661
0.857967 -2.93966
0.857967 -2.91356
0.844916 -2.93966
0.844916 -2.93966
0.857967 -2.90051
0.923218 -2.90051
0.871017 -2.91356
0.871017 -2.90051
0.884067 -2.90051
0.884067 -2.91356
0.805766 -2.93966
0.871017 -2.91356
0.857967 -2.92661
0.818816 -2.92661
0.884067 -2.91356
0.818816 -2.92661
0.805766 -2.93966
0.884067 -2.90051
0.871017 -2.91356
0.805766 -2.93966
0.844916 -2.92661
0.857967 -2.93966
0.857967 -2.92661
0.805766 -2.92661
0.857967 -2.90051
0.844916 -2.91356
0.871017 -2.91356
0.844916 -2.92661
0.910168 -3.17456
0.805766 -2.93966
0.857967 -2.91356
0.857967 -2.92661
0.923218 -2.90051
0.805766 -2.93966
0.884067 -2.90051
0.897117 -2.90051
0.897117 -2.90051
0.805766 -2.92661
0.818816 -2.92661
0.818816 -2.92661
0.844916 -2.93966
0.818816 -2.92661
0.844916 -2.93966
0.884067 -2.90051
0.857967 -2.91356
0.844916 -2.91356
0.857967 -2.93966
0.805766 -2.92661
0.844916 -2.92661
0.844916 -2.92661
0.871017 -2.91356
