0.0880016 0.00970005
-0.042501 0.0227503
-0.199104 0.0227503
0.101052 0.00970005
0.0358006 0.00970005
0.0749513 -0.0164005
0.0749513 -0.0164005
0.0880016 -0.0164005
0.0749513 0.00970005
0.0358006 0.0358006
0.0488508 0.0358006
-0.0033502 0.0488508
-0.0033502 0.0488508
0.0227503 0.0358006
0.0227503 0.0358006
0.0488508 0.0227503
0.0619011 0.00970005
0.0358006 0.00970005
0.0488508 0.00970005
0.0488508 0.00970005
-0.0555512 0.00970005
-0.0033502 0.0227503
-0.0294507 0.0358006
0.00970005 0.0227503
-0.0033502 0.0227503
-0.0033502 0.0227503
-0.0686015 0.0227503
-0.303506 0.00970005
-0.303506 0.00970005
0.0358006 0.00970005
0.00970005 0.00970005
-0.042501 0.00970005
-0.042501 0.00970005
0.244605 -0.042501
-0.277406 -0.0164005
0.0227503 0.0227503
-0.042501 0.0227503
0.231554 -0.042501
0.231554 -0.0294507
0.0488508 -0.0033502
0.0358006 -0.929918
-0.251305 -1.03432
-0.186054 -1.03432
-0.133853 -1.03432
-0.133853 -1.02127
-0.133853 -1.02127
-0.120803 -1.00822
-0.0294507 -1.03432
0.00970005 -1.00822
-0.0686015 -1.02127
0.00970005 -1.02127
-0.0033502 -1.02127
-0.0686015 -1.02127
-0.0686015 -1.02127
-0.0686015 -1.00822
-0.0686015 -1.02127
-0.0686015 -1.00822
-0.0686015 -1.02127
-0.0686015 -1.02127
-0.0686015 -1.02127
-0.0686015 -1.02127
-0.0686015 -1.02127
-0.0164005 -1.17787
-0.0686015 -1.02127
-0.0686015 -1.00822
-0.0294507 -1.03432
-0.0294507 -1.03432
-0.0686015 -1.00822
-0.0686015 -1.02127
0.00970005 -1.02127
-0.0686015 -1.02127
-0.0686015 -1.02127
-0.0686015 -1.02127
0.00970005 -1.00822
-0.0686015 -1.02127
-0.0686015 -1.02127
0.00970005 -1.02127
-0.0686015 -1.02127
0.00970005 -1.02127
-0.0294507 -1.03432
-0.0294507 -1.03432
-0.0294507 -1.03432
0.00970005 -1.00822
0.00970005 -1.00822
0.00970005 -1.02127
0.00970005 -1.02127
-0.0294507 -1.03432
0.00970005 -1.00822
0.00970005 -1.00822
0.00970005 -1.02127
0.00970005 -1.02127
0.00970005 -1.02127
-0.120803 -1.00822
-0.0294507 -1.03432
-0.0686015 -1.02127
-0.0686015 -1.02127
0.0227503 -1.02127
-0.0164005 -1.02127
0.00970005 -1.00822
0.00970005 -1.02127
-0.0164005 -1.17787
-0.0294507 -1.03432
-0.0294507 -1.02127
0.00970005 -1.02127
-0.0294507 -1.03432
0.00970005 -1.02127
0.00970005 -1.02127
-0.133853 -1.02127
0.00970005 -1.02127
-0.0164005 -1.17787
0.00970005 -1.02127
0.00970005 -1.00822
-0.0294507 -1.03432
0.00970005 -1.02127
-0.0294507 -1.03432
0.0227503 -1.02127
0.00970005 -1.02127
0.00970005 -1.00822
0.0227503 -1.02127
-0.0294507 -1.03432
0.00970005 -1.02127
0.00970005 -1.02127
-0.0294507 -1.03432
0.00970005 -1.02127
-1.06042 -1.02127
-0.916868 -1.13872
-0.99517 -0.99517
-0.982119 -0.982119
-0.969069 -0.982119
-0.969069 -0.99517
-0.982119 -0.982119
-0.982119 -0.969069
-0.982119 -0.99517
-0.982119 -0.982119
-0.982119 -0.982119
-0.982119 -0.99517
-0.982119 -0.982119
-0.982119 -0.982119
-0.982119 -0.982119
-0.982119 -0.982119
-0.982119 -0.982119
-0.982119 -0.982119
-0.982119 -0.982119
-0.982119 -0.982119
-0.982119 -0.982119
-0.982119 -0.982119
-0.982119 -0.982119
-0.982119 -0.982119
-0.982119 -0.982119
-0.982119 -0.982119
-0.982119 -0.982119
-0.982119 -0.982119
-0.982119 -0.982119
-0.982119 -0.982119
-0.982119 -0.982119
-0.982119 -0.982119
-0.982119 -0.982119
-0.982119 -0.982119
-0.982119 -0.982119
-0.982119 -0.982119
-0.969069 -1.00822
-0.982119 -0.982119
-0.982119 -0.982119
-0.969069 -0.982119
-0.982119 -0.982119
-0.982119 -0.982119
-0.982119 -0.982119
-0.969069 -0.982119
-0.982119 -0.982119
-0.982119 -0.982119
-0.982119 -0.982119
-0.982119 -0.982119
-0.982119 -0.982119
-0.982119 -0.982119
-0.969069 -0.982119
-0.982119 -0.982119
-0.982119 -0.982119
-0.969069 -0.982119
-0.969069 -0.982119
-0.982119 -0.982119
-0.982119 -0.982119
-0.969069 -0.982119
-0.982119 -0.982119
-0.969069 -0.982119
-0.982119 -0.982119
-0.982119 -0.982119
-0.982119 -0.99517
-1.03432 -0.942969
-0.982119 -0.982119
-0.982119 -0.982119
-0.982119 -0.982119
-0.982119 -0.982119
-1.94784 -1.98699
-2.11749 -1.90869
-2.13054 -1.93479
-2.02614 -2.00004
-2.14359 -2.14359
-2.03919 -1.98699
-2.03919 -1.98699
-2.14359 -2.14359
-2.14359 -2.14359
-2.13054 -2.14359
-2.02614 -2.00004
-2.14359 -2.14359
-2.15664 -2.14359
-1.97394 -2.01309
-2.15664 -2.14359
-2.03919 -1.98699
-2.01309 -2.00004
-2.03919 -1.97394
-2.15664 -2.14359
-2.14359 -2.14359
-2.03919 -1.98699
-2.14359 -2.14359
-2.14359 -2.14359
-2.03919 -1.97394
-2.14359 -2.14359
-2.15664 -2.14359
-1.98699 -2.03919
-2.03919 -1.98699
-2.03919 -1.98699
-2.03919 -1.97394
-2.14359 -2.14359
-1.98699 -2.01309
-1.98699 -2.03919
-1.97394 -2.01309
-2.02614 -2.00004
-2.15664 -2.14359
-2.03919 -1.98699
-2.14359 -2.14359
-2.14359 -2.14359
-1.98699 -2.00004
-1.97394 -2.00004
-2.03919 -1.98699
-2.03919 -1.98699
-2.03919 -1.98699
-2.15664 -2.14359
-2.03919 -1.94784
-2.15664 -2.14359
-1.98699 -2.01309
-2.14359 -2.14359
-2.03919 -1.98699
-2.03919 -1.98699
-1.94784 -2.22189
-0.969069 -1.96089
-0.969069 -1.97394
-0.969069 -1.97394
-0.969069 -1.97394
-0.969069 -1.97394
-0.969069 -1.97394
-0.969069 -1.97394
-0.956019 -1.97394
-0.969069 -1.97394
-0.969069 -1.97394
-0.969069 -1.97394
-0.969069 -1.97394
-0.969069 -1.97394
-0.969069 -1.97394
-0.969069 -1.97394
-1.06042 -1.92174
-1.04737 -1.92174
-0.969069 -1.97394
-0.969069 -1.97394
-0.969069 -1.97394
-1.04737 -1.92174
-0.969069 -1.97394
-0.969069 -1.97394
-0.969069 -1.97394
-0.969069 -1.97394
-0.969069 -1.97394
-0.969069 -1.97394
-0.969069 -1.97394
-0.969069 -1.97394
-0.969069 -1.97394
-0.969069 -1.97394
-0.969069 -1.97394
-0.969069 -1.97394
-0.969069 -1.97394
-0.969069 -1.97394
-0.969069 -1.97394
-0.969069 -1.97394
-0.969069 -1.97394
-0.969069 -1.97394
-0.969069 -1.97394
-0.969069 -1.97394
-0.969069 -1.97394
-0.969069 -1.97394
-0.969069 -1.97394
-0.969069 -1.97394
-0.969069 -1.97394
-0.969069 -1.97394
-0.969069 -1.97394
-0.969069 -1.97394
-0.969069 -1.97394
-0.969069 -1.96089
-0.969069 -1.97394
-0.969069 -1.97394
-0.969069 -1.97394
-0.969069 -1.97394
-0.969069 -1.97394
-0.969069 -1.97394
-0.969069 -1.97394
-0.969069 -1.97394
-0.969069 -1.97394
-0.969069 -1.97394
-0.969069 -1.96089
-0.969069 -1.96089
-0.969069 -1.96089
-0.969069 -1.97394
-0.969069 -1.97394
-0.969069 -1.97394
-0.969069 -1.97394
-0.969069 -1.97394
-0.969069 -1.97394
-0.969069 -1.97394
-0.890768 -2.00004
-0.0555512 -2.22189
-0.0164005 -2.20884
-0.0033502 -2.01309
-0.0033502 -2.01309
-0.042501 -2.01309
-0.042501 -2.01309
-0.042501 -2.01309
-0.042501 -2.02614
-0.042501 -2.02614
-0.146903 -2.01309
-0.146903 -2.01309
-0.0033502 -2.03919
-0.0555512 -2.05224
-0.146903 -2.01309
-0.0164005 -2.03919
-0.173004 -2.01309
-0.094702 -2.01309
-0.146903 -2.01309
-0.173004 -2.01309
-0.0555512 -2.05224
-0.094702 -2.01309
-0.146903 -2.01309
-0.094702 -2.01309
-0.173004 -2.01309
-0.146903 -2.01309
-0.146903 -2.01309
-0.146903 -2.01309
-0.094702 -2.01309
-0.173004 -2.01309
-0.146903 -2.01309
-0.146903 -2.01309
-0.146903 -2.01309
-0.0033502 -2.03919
-0.0164005 -2.03919
-0.146903 -2.01309
-0.094702 -2.01309
-0.094702 -2.01309
-0.173004 -2.01309
-0.094702 -2.01309
-0.094702 -2.01309
-0.146903 -2.01309
-0.173004 -2.01309
-0.146903 -2.01309
-0.146903 -2.01309
-0.146903 -2.01309
-0.146903 -2.01309
-0.146903 -2.01309
-0.146903 -2.01309
-0.146903 -2.01309
-0.094702 -2.01309
-0.094702 -2.01309
0.949318 -2.01309
0.936268 -2.15664
0.949318 -2.18274
0.923218 -2.00004
0.923218 -2.00004
0.831866 -2.00004
0.884067 -1.98699
0.884067 -1.97394
0.831866 -2.01309
0.897117 -2.01309
0.844916 -1.97394
0.897117 -1.97394
0.871017 -2.00004
0.897117 -2.00004
0.897117 -2.00004
0.844916 -1.98699
0.871017 -1.98699
0.884067 -1.98699
0.897117 -2.01309
0.884067 -1.98699
0.871017 -1.98699
0.897117 -2.01309
0.884067 -1.98699
0.831866 -2.02614
0.831866 -2.02614
0.857967 -2.02614
0.897117 -2.01309
0.871017 -1.98699
0.897117 -2.01309
0.884067 -2.00004
0.884067 -1.98699
0.884067 -1.98699
0.884067 -2.00004
0.884067 -1.98699
0.884067 -2.00004
0.884067 -2.00004
0.857967 -2.02614
0.884067 -1.98699
0.897117 -2.01309
0.884067 -1.98699
0.884067 -1.98699
0.897117 -2.01309
0.897117 -2.01309
0.884067 -1.98699
0.884067 -1.98699
0.897117 -2.01309
0.844916 -2.01309
0.884067 -1.98699
0.871017 -1.98699
0.884067 -1.98699
0.884067 -2.00004
0.884067 -2.00004
0.884067 -1.98699
0.884067 -1.98699
0.897117 -1.98699
0.857967 -1.98699
0.884067 -2.00004
0.831866 -1.98699
0.897117 -1.98699
0.897117 -2.00004
0.897117 -2.01309
0.884067 -1.97394
0.844916 -1.98699
0.897117 -2.00004
0.884067 -1.98699
0.897117 -2.00004
0.831866 -1.98699
0.897117 -2.01309
0.884067 -1.98699
0.884067 -2.00004
0.884067 -2.00004
0.871017 -2.00004
0.884067 -2.00004
0.897117 -2.01309
0.884067 -1.98699
0.897117 -2.00004
0.897117 -2.00004
0.884067 -2.00004
0.897117 -2.00004
0.884067 -1.98699
0.884067 -2.00004
0.831866 -2.02614
0.871017 -2.00004
0.884067 -1.98699
0.897117 -2.00004
0.897117 -2.19579
0.975419 -2.18274
0.988469 -2.16969
0.975419 -2.20884
0.831866 -2.91356
0.818816 -2.91356
0.792715 -2.91356
0.844916 -2.92661
0.792715 -2.91356
0.844916 -2.90051
0.897117 -2.88746
0.844916 -2.93966
0.897117 -2.92661
0.792715 -2.93966
0.884067 -2.92661
0.818816 -2.95271
0.792715 -2.91356
0.792715 -2.91356
0.897117 -2.88746
0.897117 -2.93966
0.792715 -2.95271
0.792715 -2.93966
0.792715 -2.91356
0.792715 -2.91356
0.792715 -2.91356
0.871017 -2.96576
0.805766 -2.95271
0.844916 -2.92661
0.792715 -2.91356
0.792715 -2.93966
0.792715 -2.91356
0.792715 -2.91356
0.844916 -2.93966
0.792715 -2.91356
0.897117 -2.93966
0.792715 -2.93966
0.818816 -2.95271
0.792715 -2.91356
0.818816 -2.92661
0.792715 -2.91356
0.844916 -2.93966
0.792715 -2.91356
0.844916 -2.92661
0.818816 -2.93966
0.844916 -2.93966
0.792715 -2.93966
0.792715 -2.91356
0.792715 -2.95271
0.792715 -2.91356
0.818816 -2.95271
0.792715 -2.91356
0.818816 -2.93966
-0.0555512 -3.04406
-0.0816517 -2.93966
-0.0555512 -2.93966
-0.0686015 -2.93966
-0.0816517 -2.91356
-0.0686015 -2.95271
-0.0686015 -2.92661
-0.0686015 -2.92661
-0.0816517 -2.92661
-0.0686015 -2.92661
-0.0686015 -2.97881
-0.0686015 -2.93966
-0.0686015 -2.91356
-0.0686015 -2.92661
-0.094702 -2.92661
-0.0816517 -2.91356
-0.0686015 -2.93966
-0.0816517 -2.93966
-0.0816517 -2.93966
-0.0686015 -2.92661
-0.0686015 -2.92661
-0.0816517 -2.92661
-0.0686015 -2.93966
-0.0686015 -2.95271
-0.0686015 -2.92661
-0.0686015 -2.93966
-0.0816517 -2.92661
-0.0686015 -2.93966
-0.0816517 -2.92661
-0.0816517 -2.91356
-0.0686015 -2.93966
-0.0816517 -2.92661
-0.0555512 -2.95271
-0.0686015 -2.93966
-0.0686015 -2.92661
-0.0686015 -2.93966
-0.0816517 -2.92661
-0.0686015 -2.93966
-0.0686015 -2.92661
-0.0686015 -2.93966
-0.0686015 -2.91356
-0.0686015 -2.92661
-0.0816517 -2.92661
-0.0555512 -2.92661
-0.0686015 -2.93966
-0.0816517 -2.91356
-0.0555512 -2.93966
-0.0686015 -2.91356
-0.0555512 -2.93966
-0.0686015 -2.95271
-0.0686015 -2.95271
-0.0686015 -2.93966
-0.0816517 -2.96576
-0.0686015 -2.93966
-0.0686015 -2.92661
-0.0686015 -2.93966
-0.0686015 -2.93966
-0.0555512 -2.93966
-0.0686015 -2.92661
-0.0555512 -2.95271
-0.0555512 -2.90051
-0.0033502 -2.96576
-0.0686015 -2.93966
-0.0686015 -2.92661
-0.0686015 -2.93966
-0.0686015 -2.93966
-0.0816517 -2.96576
-0.0686015 -2.93966
-0.0686015 -2.95271
-0.0686015 -2.93966
-0.0686015 -2.92661
-0.0686015 -2.92661
-0.0686015 -2.93966
-0.0816517 -2.91356
-0.0816517 -2.96576
-0.0686015 -2.97881
-0.0816517 -2.93966
-0.0816517 -2.91356
-0.0816517 -2.92661
-0.0686015 -2.92661
-0.094702 -2.92661
-0.0686015 -2.93966
-0.0686015 -2.92661
-0.0686015 -2.93966
-0.0555512 -2.93966
-0.0816517 -2.91356
-0.0816517 -2.95271
-0.0686015 -2.93966
-0.0816517 -2.92661
-0.0686015 -2.91356
-0.0816517 -2.96576
-0.0033502 -2.96576
-0.0686015 -2.93966
-0.0686015 -2.92661
-0.0686015 -2.92661
-0.0686015 -2.95271
-0.0686015 -2.93966
-0.0686015 -2.92661
-0.0686015 -2.91356
-0.0555512 -2.91356
-0.0686015 -2.92661
-0.0816517 -2.92661
-0.0686015 -2.92661
-0.0686015 -2.91356
-0.0164005 -2.93966
-0.0294507 -2.91356
-0.0555512 -2.93966
-0.0686015 -2.93966
-0.0686015 -2.92661
-0.0816517 -2.92661
-0.0816517 -2.91356
-0.0555512 -2.93966
-0.0294507 -2.91356
-0.0294507 -2.91356
-0.0686015 -2.93966
-0.0686015 -2.93966
-0.0816517 -2.92661
-0.0686015 -2.92661
-0.0816517 -2.93966
-1.04737 -2.87441
-1.04737 -2.88746
-1.04737 -2.88746
-1.06042 -2.90051
-1.04737 -2.88746
-1.06042 -2.87441
-1.03432 -2.88746
-1.00822 -2.87441
-1.04737 -2.88746
-1.06042 -2.88746
-1.04737 -2.88746
-1.04737 -2.88746
-1.06042 -2.87441
-1.04737 -2.88746
-1.06042 -2.88746
-1.06042 -2.88746
-1.06042 -2.88746
-1.06042 -2.90051
-1.04737 -2.88746
-1.04737 -2.88746
-1.04737 -2.90051
-1.04737 -2.88746
-1.04737 -2.88746
-1.09957 -2.86136
-1.04737 -2.90051
-1.04737 -2.88746
-1.06042 -2.88746
-1.04737 -2.88746
-1.04737 -2.90051
-1.04737 -2.88746
-1.04737 -2.88746
-1.06042 -2.88746
-1.04737 -2.88746
-1.06042 -2.88746
-1.04737 -2.88746
-1.06042 -2.88746
-1.06042 -2.88746
-1.09957 -2.86136
-1.06042 -2.87441
-1.06042 -2.87441
-1.04737 -2.87441
-1.04737 -2.90051
-1.00822 -2.87441
-1.06042 -2.88746
-1.06042 -2.88746
-1.04737 -2.90051
-1.06042 -2.88746
-1.04737 -2.88746
-1.06042 -2.88746
-1.04737 -2.88746
-1.06042 -2.87441
-1.04737 -2.87441
-1.06042 -2.88746
-1.06042 -2.88746
-1.04737 -2.88746
-1.06042 -2.87441
-1.06042 -2.87441
-1.04737 -2.90051
-1.04737 -2.88746
-1.06042 -2.88746
-1.04737 -2.87441
-1.04737 -2.88746
-1.04737 -2.87441
-1.06042 -2.88746
-1.06042 -2.87441
-1.09957 -2.86136
-1.04737 -2.90051
-1.08652 -2.88746
-1.06042 -2.88746
-1.08652 -2.87441
-1.04737 -2.90051
-1.06042 -2.88746
-1.04737 -2.88746
-1.04737 -2.90051
-1.09957 -2.86136
-1.04737 -2.88746
-1.04737 -2.87441
-1.04737 -2.88746
-1.04737 -2.88746
-1.04737 -2.90051
-1.06042 -2.88746
-1.04737 -2.90051
-1.04737 -2.88746
-1.04737 -2.87441
-1.04737 -2.88746
-1.04737 -2.90051
-1.16482 -3.12236
-1.16482 -3.12236
-1.12567 -3.22676
-0.0816517 -3.91843
-0.0686015 -3.89233
-0.225205 -3.93148
-0.146903 -3.87928
-0.0816517 -3.87928
-0.133853 -3.86623
-0.094702 -3.93148
-0.0816517 -3.93148
-0.094702 -3.89233
-0.094702 -3.93148
-0.094702 -3.89233
-0.042501 -3.87928
-0.0816517 -3.89233
-0.094702 -3.93148
-0.0816517 -3.87928
-0.133853 -3.86623
-0.107752 -4.15333
-0.0555512 -4.16638
-0.133853 -3.86623
-0.094702 -3.89233
-0.0816517 -3.87928
-0.0816517 -3.89233
-0.0816517 -3.87928
-0.0816517 -3.87928
-0.133853 -3.86623
-0.0555512 -4.16638
-0.133853 -3.86623
-0.133853 -3.87928
-0.133853 -3.86623
-0.0816517 -3.87928
-0.094702 -3.93148
-0.133853 -3.86623
-0.094702 -3.87928
-0.0816517 -3.87928
-0.0816517 -3.93148
-0.094702 -3.87928
-0.133853 -3.87928
-0.0816517 -3.87928
-0.0816517 -3.89233
-0.0816517 -3.89233
-0.0816517 -3.87928
-0.0816517 -3.87928
-0.042501 -3.87928
-0.0816517 -3.87928
-0.094702 -3.94453
-0.0816517 -3.89233
-0.133853 -3.86623
-0.0555512 -4.16638
0.988469 -1.13872
0.949318 -1.02127
0.949318 -1.02127
0.844916 -1.08652
0.844916 -1.08652
0.857967 -1.07347
0.857967 -1.06042
0.857967 -1.06042
0.857967 -1.06042
0.857967 -1.06042
0.857967 -1.06042
0.871017 -1.04737
0.857967 -1.06042
0.857967 -1.06042
0.871017 -1.04737
0.857967 -1.06042
0.857967 -1.06042
0.857967 -1.06042
0.857967 -1.06042
0.871017 -1.04737
0.857967 -1.06042
0.857967 -1.06042
0.857967 -1.06042
0.857967 -1.06042
0.857967 -1.06042
0.857967 -1.06042
0.857967 -1.06042
0.857967 -1.06042
0.857967 -1.06042
0.857967 -1.06042
0.857967 -1.06042
0.857967 -1.06042
0.857967 -1.06042
0.857967 -1.06042
0.857967 -1.06042
0.857967 -1.06042
0.857967 -1.06042
0.857967 -1.06042
0.857967 -1.06042
0.871017 -1.04737
0.871017 -1.04737
0.857967 -1.06042
0.871017 -1.04737
0.871017 -1.04737
0.857967 -1.06042
0.857967 -1.06042
0.871017 -1.04737
0.857967 -1.06042
0.857967 -1.06042
0.857967 -1.06042
0.857967 -1.06042
0.857967 -1.06042
0.857967 -1.06042
0.857967 -1.06042
0.857967 -1.06042
0.857967 -1.06042
0.857967 -1.06042
0.871017 -1.04737
0.871017 -1.04737
0.871017 -1.04737
0.871017 -1.04737
0.871017 -1.04737
0.871017 -1.04737
0.857967 -1.06042
0.857967 -1.06042
0.857967 -1.06042
0.857967 -1.06042
0.857967 -1.06042
0.857967 -1.07347
0.871017 -1.07347
0.936268 -1.04737
0.936268 -1.03432
0.857967 -1.06042
0.857967 -1.06042
0.871017 -1.04737
0.857967 -1.06042
0.857967 -1.06042
0.857967 -1.06042
0.857967 -1.06042
0.857967 -1.06042
0.857967 -1.06042
0.857967 -1.06042
0.857967 -1.06042
0.857967 -1.06042
0.857967 -1.06042
0.857967 -1.06042
0.857967 -1.06042
0.857967 -1.06042
0.857967 -1.06042
0.871017 -1.04737
0.857967 -1.06042
0.857967 -1.06042
1.84979 -1.08652
1.88894 -1.08652
1.86284 -1.08652
1.81064 -1.11262
1.90199 -1.06042
1.91504 -1.08652
1.86284 -1.08652
1.91504 -1.08652
1.91504 -1.08652
1.86284 -1.08652
1.91504 -1.09957
1.91504 -1.09957
1.91504 -1.08652
1.91504 -1.08652
1.81064 -1.11262
1.90199 -1.08652
1.84979 -1.08652
1.91504 -1.08652
1.87589 -1.08652
1.86284 -1.08652
1.91504 -1.09957
1.87589 -1.08652
1.86284 -1.08652
1.91504 -1.08652
1.81064 -1.11262
1.91504 -1.08652
1.91504 -1.08652
1.91504 -1.08652
1.81064 -1.11262
1.90199 -1.08652
1.81064 -1.11262
1.88894 -1.08652
1.81064 -1.11262
1.91504 -1.09957
1.84979 -1.08652
1.81064 -1.11262
1.87589 -1.08652
1.81064 -1.11262
1.81064 -1.11262
1.84979 -1.08652
1.90199 -1.08652
1.84979 -1.08652
1.84979 -1.08652
1.86284 -1.08652
1.81064 -1.11262
1.84979 -1.08652
1.87589 -1.08652
1.82369 -1.07347
1.84979 -1.08652
1.81064 -1.11262
1.81064 -1.07347
1.81064 -1.11262
1.81064 -1.11262
1.81064 -1.11262
1.86284 -1.08652
1.81064 -1.08652