-0.0555512 4.02918
-0.042501 4.02918
-0.042501 4.02918
-0.042501 4.01613
-0.042501 4.01613
-0.0555512 4.01613
-0.042501 4.01613
-0.042501 4.01613
-0.0294507 4.01613
-0.0555512 4.02918
-0.042501 4.01613
-0.042501 4.01613
-0.042501 4.02918
-0.042501 4.02918
-0.0294507 4.01613
-0.042501 4.02918
-0.0555512 4.02918
-0.042501 4.00308
-0.0294507 4.01613
-0.0555512 4.01613
-0.042501 4.02918
-0.0555512 4.02918
-0.0555512 4.02918
-0.042501 4.02918
-0.0555512 4.02918
-0.042501 4.02918
-0.042501 4.02918
-0.0555512 4.02918
-0.0555512 4.02918
-0.042501 4.02918
-0.0555512 4.02918
-0.0294507 4.01613
-0.0816517 3.91173
-0.107752 3.85953
0.0227503 3.01126
-0.0686015 2.99821
-0.0686015 2.99821
0.0358006 3.01126
0.0227503 3.01126
0.0227503 3.01126
0.0227503 2.99821
-0.0686015 3.01126
0.0227503 3.01126
0.0227503 3.01126
0.0227503 3.02431
0.00970005 3.01126
0.0227503 3.02431
0.0227503 3.01126
0.0227503 3.01126
0.0227503 3.01126
0.0227503 3.02431
0.0227503 3.02431
0.0358006 3.02431
0.0358006 3.02431
0.0227503 3.01126
-0.0686015 3.01126
-0.0686015 3.02431
0.00970005 3.01126
-0.0555512 3.01126
0.0227503 3.01126
0.00970005 3.01126
0.0227503 3.01126
0.0227503 3.01126
-0.133853 3.01126
0.0227503 3.01126
0.00970005 3.01126
-0.0555512 3.01126
-0.0555512 3.02431
0.0227503 3.02431
0.0358006 3.02431
-0.0033502 3.03736
0.0227503 3.01126
0.0227503 3.01126
0.0227503 3.02431
0.0227503 3.01126
0.00970005 3.01126
0.0227503 3.01126
0.0227503 3.02431
-0.0033502 3.02431
0.0227503 3.02431
0.0227503 3.02431
0.0227503 3.02431
0.0227503 3.02431
0.0227503 3.02431
0.0227503 3.02431
0.0227503 3.02431
-0.0555512 3.01126
0.0227503 3.02431
0.0227503 3.01126
-0.0033502 3.03736
0.0227503 3.01126
-0.0686015 3.01126
0.0227503 3.02431
-0.0686015 3.01126
0.0227503 3.02431
0.0227503 3.01126
0.0358006 3.02431
-0.0686015 3.01126
0.0358006 3.02431
0.0227503 3.02431
0.0227503 3.01126
0.0227503 3.02431
0.0227503 3.01126
-0.0555512 3.01126
0.0227503 3.02431
-0.120803 3.01126
0.0358006 3.02431
0.0227503 3.01126
0.0227503 3.02431
0.0227503 3.01126
0.0227503 3.01126
-0.0555512 3.01126
-0.0555512 3.02431
0.0358006 3.02431
0.00970005 3.01126
0.0227503 3.01126
0.0227503 3.01126
0.0227503 3.01126
0.0227503 3.01126
0.0227503 3.01126
0.00970005 3.01126
0.0227503 3.01126
0.00970005 3.01126
0.0227503 3.02431
0.0227503 3.02431
0.0227503 3.02431
0.0227503 3.02431
0.0227503 3.01126
0.0227503 3.02431
0.0227503 3.02431
0.0227503 3.02431
0.0358006 3.02431
0.0227503 3.02431
-0.0686015 3.01126
-0.0555512 3.01126
0.0227503 3.01126
0.0358006 3.02431
-0.0033502 3.03736
0.0227503 3.01126
0.0227503 3.02431
0.0227503 3.02431
0.0227503 3.02431
0.0227503 3.02431
0.0227503 3.02431
0.0358006 3.02431
0.0358006 3.02431
-0.0686015 3.01126
0.0227503 3.01126
0.0358006 3.02431
0.0227503 3.02431
0.0227503 3.02431
0.0227503 3.01126
0.0358006 3.02431
0.0358006 3.02431
-0.0555512 3.01126
0.0227503 3.02431
0.00970005 3.01126
-0.0686015 3.01126
0.0227503 3.01126
0.0227503 3.02431
-0.0555512 3.01126
-0.0686015 3.01126
0.00970005 3.01126
0.0227503 3.02431
0.00970005 3.01126
0.0749513 2.89381
0.0227503 2.00639
0.0358006 2.01944
0.0358006 2.01944
0.0358006 2.01944
0.0358006 2.00639
0.0227503 2.00639
0.0227503 2.00639
0.0227503 2.00639
0.0227503 2.00639
0.0358006 2.01944
0.0358006 2.01944
0.0227503 2.00639
0.0358006 2.01944
0.0227503 2.00639
0.0227503 2.00639
0.0358006 2.00639
0.0227503 2.00639
0.0227503 2.00639
0.0358006 2.01944
0.0358006 2.01944
0.0358006 2.01944
0.0358006 2.01944
0.0358006 2.00639
0.0227503 2.00639
0.0227503 2.00639
-0.0164005 2.00639
0.0227503 2.00639
0.0227503 2.00639
0.0358006 2.01944
0.0358006 2.01944
0.0358006 2.01944
0.0358006 2.01944
0.0227503 2.00639
0.0227503 2.00639
0.00970005 2.01944
0.0358006 2.01944
0.0358006 2.00639
0.0358006 2.01944
-0.0555512 2.00639
0.0227503 2.00639
0.0227503 2.00639
0.0358006 2.01944
0.0358006 2.01944
0.0358006 2.01944
0.0358006 2.01944
0.0358006 2.00639
0.0358006 2.01944
0.0358006 2.01944
0.0488508 2.03249
0.0358006 2.00639
0.0227503 2.00639
0.0358006 2.00639
0.0358006 2.01944
0.0488508 2.01944
0.0358006 2.01944
0.0227503 2.00639
0.0227503 2.00639
0.0227503 2.00639
0.0227503 2.00639
0.0488508 2.01944
0.0358006 2.01944
0.0358006 2.01944
0.0358006 2.01944
0.0227503 2.00639
0.0358006 2.00639
0.0227503 2.00639
0.0358006 2.01944
0.0358006 2.01944
0.0227503 2.00639
0.0227503 2.00639
0.0358006 2.00639
0.0227503 2.00639
0.0358006 2.01944
0.0227503 2.00639
0.0227503 2.00639
0.0358006 2.00639
0.0358006 2.00639
-0.042501 2.00639
0.0227503 2.00639
0.0358006 1.02762
0.0488508 1.02762
0.0358006 1.02762
0.0358006 1.02762
0.0358006 1.02762
0.0358006 1.02762
0.0358006 1.02762
0.0358006 1.02762
0.0358006 1.02762
0.0358006 1.02762
0.0358006 1.02762
0.0358006 1.02762
0.0488508 1.02762
0.0358006 1.02762
0.0488508 1.02762
0.0358006 1.02762
0.0488508 1.02762
0.0358006 1.02762
0.0488508 1.04067
0.0358006 1.02762
0.0358006 1.02762
0.0358006 1.01457
0.0358006 1.02762
0.0488508 1.04067
0.0358006 1.02762
0.0358006 1.02762
0.0358006 1.02762
0.0358006 1.02762
0.0358006 1.02762
0.0358006 1.02762
0.0358006 1.02762
0.0358006 1.02762
0.0358006 1.02762
0.0488508 1.02762
0.0358006 1.02762
0.0358006 1.02762
0.0358006 1.02762
0.0488508 1.02762
0.0358006 1.02762
0.0358006 1.02762
0.0358006 1.02762
0.0488508 1.02762
0.0358006 1.02762
0.0358006 1.02762
0.0358006 1.02762
0.0358006 1.02762
0.0358006 1.02762
0.0358006 1.02762
0.0358006 1.02762
0.0358006 1.02762
0.0488508 1.02762
0.0358006 1.02762
0.0358006 1.02762
0.0358006 1.02762
0.0358006 1.02762
0.0358006 1.02762
0.0488508 1.02762
0.0358006 1.02762
0.0358006 1.02762
0.0358006 1.02762
0.0358006 1.02762
0.0358006 1.02762
0.0358006 1.02762
0.0358006 1.02762
0.0358006 1.02762
0.0358006 1.02762
0.0358006 1.02762
0.0358006 1.02762
0.0358006 1.02762
0.0358006 1.02762
0.0358006 1.02762
0.0358006 1.02762
0.0358006 1.02762
0.0358006 1.02762
0.0358006 1.02762
0.0358006 1.02762
0.0488508 1.02762
0.0358006 1.02762
0.0358006 1.02762
0.0358006 1.02762
0.0358006 1.02762
0.0358006 1.02762
0.0488508 1.02762
0.0358006 1.02762
0.0358006 1.02762
0.0358006 1.02762
0.0358006 1.02762
0.0358006 1.02762
0.0358006 1.02762
0.0358006 1.02762
0.0358006 1.02762
0.0488508 1.02762
0.0358006 1.02762
0.0358006 1.02762
0.0358006 1.02762
0.0358006 1.02762
0.0358006 1.02762
0.0358006 1.02762
0.0358006 1.02762
0.0358006 1.02762
0.0358006 1.02762
0.0358006 1.02762
0.0358006 1.02762
0.0358006 1.02762
0.0488508 1.02762
0.0358006 1.02762
0.0488508 1.02762
0.0358006 1.02762
-0.0555512 1.04067
-0.107752 1.02762
1.00152 1.06677
1.00152 1.06677
0.988469 1.07982
0.988469 1.07982
1.05372 1.01457
0.988469 1.07982
1.06677 1.01457
1.06677 1.01457
0.988469 1.07982
1.06677 1.01457
0.988469 1.07982
0.988469 1.07982
1.06677 1.01457
1.00152 1.06677
1.05372 1.00152
1.05372 1.02762
1.06677 1.01457
1.05372 1.01457
1.05372 1.01457
1.06677 1.01457
1.06677 1.01457
0.988469 1.07982
1.00152 1.06677
1.05372 1.01457
1.00152 1.06677
1.05372 1.01457
1.06677 1.01457
1.06677 1.01457
0.988469 1.07982
1.06677 1.01457
1.06677 1.01457
1.00152 1.06677
1.00152 1.06677
1.06677 1.01457
1.06677 1.01457
1.06677 1.01457
1.06677 1.01457
1.06677 1.01457
1.06677 1.01457
1.06677 1.01457
1.06677 1.01457
0.988469 1.07982
1.06677 1.01457
1.06677 1.01457
0.988469 1.07982
1.06677 1.01457
0.988469 1.07982
1.06677 1.01457
0.988469 1.07982
1.06677 1.01457
1.06677 1.01457
1.06677 1.01457
0.988469 1.07982
1.06677 1.01457
1.06677 1.01457
0.988469 1.09287
1.05372 1.01457
1.06677 1.01457
1.06677 1.01457
0.988469 1.07982
1.06677 1.01457
1.06677 1.01457
0.988469 1.07982
0.988469 1.07982
1.00152 1.06677
1.06677 1.01457
0.988469 1.06677
1.00152 1.06677
0.988469 1.07982
1.06677 1.01457
0.988469 1.07982
1.05372 1.01457
1.06677 1.01457
0.988469 1.07982
0.988469 1.07982
1.00152 1.06677
0.988469 1.07982
1.00152 1.06677
1.06677 1.01457
0.988469 1.07982
0.988469 1.07982
0.962369 1.06677
0.701364 0.910168
-0.107752 -0.0033502
0.153253 0.0227503
0.166303 0.0227503
-0.107752 -0.0033502
-0.107752 -0.0033502
-0.0555512 -0.0033502
-0.0555512 -0.0033502
-0.107752 -0.0033502
-0.0555512 -0.0033502
-0.0555512 -0.0033502
-0.0555512 -0.0033502
-0.0555512 -0.0033502
-0.107752 -0.0033502
-0.107752 -0.0033502
-0.107752 -0.0033502
-0.107752 -0.0033502
-0.0555512 -0.0033502
-0.0555512 -0.0033502
-0.107752 -0.0033502
-0.107752 -0.0033502
0.0488508 0.00970005
-0.0555512 -0.0033502
-0.0555512 -0.0033502
-0.0555512 -0.0033502
-0.0555512 -0.0033502
-0.107752 -0.0033502
-0.0555512 -0.0033502
-0.107752 -0.0033502
-0.0555512 -0.0033502
-0.0555512 -0.0033502
0.00970005 0.0619011
-0.107752 -0.0033502
-0.107752 -0.0033502
-0.0555512 -0.0033502
-0.107752 -0.0033502
-0.0555512 -0.0033502
-0.0555512 -0.0033502
-0.107752 -0.0033502
-0.0555512 -0.0033502
-0.107752 -0.0033502
-0.107752 -0.0033502
-0.0555512 -0.0033502
-0.107752 -0.0033502
-0.0555512 -0.0033502
-0.107752 -0.0033502
-0.107752 -0.0033502
-0.107752 -0.0033502
-0.0555512 -0.0033502
0.0227503 0.0619011
-0.0555512 -0.0033502
-0.0555512 -0.0033502
-0.107752 -0.0033502
-0.107752 -0.0033502
-0.0555512 -0.0033502
-0.0555512 -0.0033502
-0.107752 -0.0033502
0.0488508 0.00970005
0.0358006 -0.0033502
0.0358006 -0.0033502
-0.0555512 -0.0033502
0.192404 0.0358006
-0.0555512 -0.0033502
-0.0555512 -0.0033502
-0.0555512 -0.0033502
-0.199104 -0.0033502
0.179353 0.0358006
-0.107752 -0.0033502
-0.107752 -0.0033502
-0.107752 -0.0033502
-0.0555512 -0.0033502
-0.107752 -0.0033502
-0.107752 -0.0033502
-0.107752 -0.0033502
-0.107752 -0.0033502
-0.107752 -0.0033502
0.205454 0.0488508
-0.0555512 -0.0033502
-0.107752 -0.0033502
0.192404 0.0358006
0.192404 0.0227503
0.205454 0.0227503
0.192404 0.00970005
0.192404 0.00970005
0.0358006 0.0749513
1.06677 -0.99517
1.06677 -0.99517
1.06677 -0.99517
1.07982 -0.982119
1.07982 -0.982119
1.06677 -0.99517
1.06677 -0.99517
1.06677 -0.99517
1.06677 -0.99517
1.06677 -0.99517
1.07982 -0.982119
1.05372 -1.00822
1.06677 -0.99517
1.06677 -0.99517
1.07982 -0.982119
1.05372 -1.08652
1.06677 -0.99517
1.06677 -0.99517
1.06677 -0.99517
1.07982 -0.982119
1.06677 -0.99517
1.06677 -0.99517
1.06677 -0.99517
1.07982 -0.982119
1.06677 -0.99517
1.06677 -0.99517
1.06677 -0.99517
1.06677 -0.99517
1.06677 -0.982119
1.06677 -0.99517
1.06677 -0.99517
1.06677 -0.99517
1.06677 -0.99517
1.09287 -1.00822
1.06677 -0.99517
1.06677 -0.99517
1.07982 -0.982119
1.06677 -0.99517
1.07982 -0.982119
1.06677 -0.99517
1.07982 -0.982119
1.06677 -0.99517
1.07982 -0.982119
1.06677 -0.982119
1.06677 -0.99517
1.06677 -0.99517
1.06677 -0.99517
1.07982 -0.982119
1.06677 -0.99517
1.07982 -0.982119
1.06677 -0.99517
1.06677 -0.99517
1.06677 -0.982119
1.06677 -0.99517
1.07982 -0.982119
1.07982 -0.982119
1.06677 -0.99517
1.06677 -0.99517
1.06677 -0.99517
1.06677 -0.99517
1.06677 -0.99517
1.06677 -0.99517
1.06677 -0.99517
1.07982 -0.982119
1.06677 -0.99517
1.06677 -0.99517
1.07982 -0.982119
1.06677 -0.99517
1.06677 -0.99517
1.06677 -0.99517
1.07982 -0.982119
1.07982 -0.982119
1.06677 -0.99517
1.06677 -0.99517
1.04067 -1.08652
1.06677 -0.99517
1.06677 -0.99517
1.06677 -0.99517
1.06677 -0.99517
1.06677 -0.99517
1.06677 -0.99517
1.06677 -0.99517
1.06677 -0.99517
-0.107752 -1.08652
0.0488508 -1.07347
0.0488508 -1.07347
-0.094702 -1.26922
0.0749513 -1.07347
-0.0816517 -1.06042
0.0619011 -1.07347
-0.0816517 -1.06042
0.0619011 -1.07347
0.0619011 -1.07347
-0.094702 -1.07347
0.0619011 -1.07347
0.0619011 -1.07347
0.0619011 -1.07347
0.0619011 -1.07347
0.0619011 -1.07347
0.0619011 -1.07347
0.0619011 -1.07347
0.0619011 -1.07347
0.0619011 -1.07347
0.0619011 -1.07347
0.0619011 -1.07347
-0.094702 -1.07347
0.0619011 -1.07347
0.0619011 -1.07347
0.0619011 -1.07347
0.0619011 -1.07347
0.0619011 -1.07347
0.0619011 -1.07347
-0.094702 -1.07347
0.0619011 -1.07347
0.0619011 -1.07347
0.0619011 -1.07347
0.0749513 -1.07347
0.0619011 -1.07347
0.0619011 -1.07347
0.0619011 -1.07347
0.0619011 -1.08652
0.0619011 -1.07347
0.0619011 -1.07347
0.0619011 -1.07347
0.0619011 -1.07347
0.0619011 -1.07347
0.0619011 -1.07347
0.0488508 -1.08652
-0.094702 -1.08652
0.0619011 -1.07347
0.0619011 -1.07347
0.0619011 -1.07347
0.0619011 -1.08652
0.0619011 -1.07347
0.0619011 -1.07347
0.0619011 -1.08652
0.0619011 -1.06042
0.0488508 -1.08652
0.0619011 -1.07347
0.0488508 -1.08652
0.0488508 -1.08652
0.0488508 -1.08652
0.0488508 -1.08652
0.0619011 -1.08652
0.0488508 -1.08652
0.0488508 -1.08652
-0.094702 -1.08652
0.0619011 -1.07347
0.0619011 -1.07347
0.0619011 -1.07347
0.0488508 -1.08652
0.0619011 -1.07347
0.0619011 -1.07347
-0.094702 -1.07347
0.0619011 -1.07347
-0.094702 -1.07347
0.0619011 -1.07347
-0.094702 -1.08652
0.0619011 -1.07347
0.0619011 -1.07347
0.0619011 -1.07347
0.0619011 -1.07347
0.0619011 -1.07347
0.0619011 -1.07347
0.0619011 -1.07347
0.0619011 -1.07347
-0.094702 -1.07347
0.0619011 -1.07347
-0.094702 -1.07347
0.0619011 -1.07347
0.0619011 -1.07347
0.0619011 -1.07347
0.0619011 -1.07347
0.0619011 -1.07347
0.0488508 -1.08652
0.0619011 -1.07347
-0.094702 -1.08652
0.0619011 -1.07347
0.0619011 -1.07347
0.0619011 -1.07347
0.0619011 -1.07347
0.0619011 -1.07347
0.0619011 -1.07347
0.0488508 -1.08652
-0.094702 -1.08652
0.0619011 -1.07347
0.0488508 -1.08652
-0.094702 -1.07347
0.0619011 -1.07347
-0.094702 -1.08652
-0.0816517 -1.60853
-0.0816517 -1.59548
0.0619011 -1.60853
-0.0816517 -1.60853
-0.0686015 -1.60853
-0.0816517 -1.60853
0.0619011 -1.60853
0.0880016 -1.62158
-0.0816517 -1.60853
-0.0816517 -1.62158
0.0749513 -1.60853
-0.0816517 -1.62158
0.0749513 -1.60853
-0.0816517 -1.60853
-0.0816517 -1.60853
-0.0816517 -1.62158
-0.094702 -1.62158
0.0749513 -1.60853
-0.0816517 -1.60853
-0.0816517 -1.60853
-0.0816517 -1.60853
0.0358006 -1.60853
-0.0816517 -1.62158
0.0749513 -1.60853
0.0749513 -1.60853
-0.0816517 -1.59548
-0.0816517 -1.62158
-0.0816517 -1.62158
0.0749513 -1.59548
0.0619011 -1.60853
0.0749513 -1.59548
0.0880016 -1.60853
-0.0816517 -1.62158
-0.0816517 -1.59548
-0.0816517 -1.62158
0.0880016 -1.60853
-0.0816517 -1.59548
0.0749513 -1.60853
-0.0686015 -1.60853
0.0619011 -1.62158
-0.0816517 -1.60853
0.0749513 -1.60853
0.0358006 -1.60853
-0.0816517 -1.62158
-0.0816517 -1.60853
0.0749513 -1.60853
-0.0816517 -1.60853
0.0358006 -1.60853
0.0749513 -1.60853
0.0880016 -1.60853
-0.0816517 -1.62158
-0.0816517 -1.60853
-0.0816517 -1.62158
-0.0816517 -1.62158
-0.0816517 -1.60853
-0.0816517 -1.62158
0.0749513 -1.60853
0.0358006 -1.60853
-0.0686015 -1.60853
-0.0816517 -1.62158
-0.0816517 -1.62158
-0.0686015 -1.62158
0.0749513 -1.60853
0.0619011 -1.60853
-0.0816517 -1.62158
0.0749513 -1.60853
-0.0816517 -1.62158
0.0227503 -1.60853
-0.0686015 -1.62158
-0.0816517 -1.62158
-0.0686015 -1.62158
-0.942969 -1.62158
-0.956019 -1.62158
-0.956019 -1.60853
-0.99517 -1.59548
-0.99517 -1.59548
-1.03432 -1.56938
-0.982119 -1.59548
-1.11262 -1.72598
-0.99517 -1.59548
-0.956019 -1.62158
-1.03432 -1.55633
-0.99517 -1.60853
-0.99517 -1.60853
-0.969069 -1.59548
-1.03432 -1.55633
-1.00822 -1.60853
-0.982119 -1.60853
-1.04737 -1.55633
-1.03432 -1.56938
-0.956019 -1.59548
-1.03432 -1.55633
-0.956019 -1.60853
-0.982119 -1.60853
-0.956019 -1.62158
-0.956019 -1.60853
-0.99517 -1.59548
-1.12567 -1.75208
-0.969069 -1.63463
-0.956019 -1.62158
-0.99517 -1.59548
-0.99517 -1.59548
-0.969069 -1.59548
-0.956019 -1.59548
-1.03432 -1.55633
-1.03432 -1.56938
-0.982119 -1.59548
-1.03432 -1.55633
-1.03432 -1.56938
-0.956019 -1.62158
-0.956019 -1.62158
-1.03432 -1.56938
-0.956019 -1.62158
-1.03432 -1.56938
-1.03432 -1.55633
-0.99517 -1.59548
-0.99517 -1.59548
-1.03432 -1.56938
-1.03432 -1.56938
-0.99517 -1.59548
-1.00822 -1.59548
-1.04737 -1.54328
-0.956019 -1.62158
-0.956019 -1.60853
-0.956019 -1.60853
-0.956019 -1.62158
-1.00822 -1.59548
-1.09957 -1.73903
-0.99517 -1.59548
-0.99517 -1.59548
-0.99517 -1.59548
-0.99517 -1.60853
-1.03432 -1.56938
-0.956019 -1.62158
-0.982119 -1.60853
-0.956019 -1.62158
-0.99517 -1.60853
-0.956019 -1.60853
-0.99517 -1.60853
-0.99517 -1.60853
-0.99517 -1.59548
-0.99517 -1.59548
-1.00822 -1.60853
-0.956019 -1.60853
-1.03432 -1.56938
-1.03432 -1.55633
-0.956019 -1.60853
-0.956019 -1.60853
-0.956019 -1.60853
-0.99517 -1.59548
-0.956019 -1.62158
-0.956019 -1.62158
-0.956019 -1.60853
-0.982119 -1.60853
-1.11262 -1.73903
-1.03432 -1.55633
-1.03432 -1.55633
-1.03432 -1.55633
-0.99517 -1.59548
-0.982119 -1.60853
-0.956019 -1.59548
-0.956019 -1.62158
-0.99517 -1.59548
-0.956019 -1.60853
-1.03432 -1.54328
-1.04737 -1.54328
-0.969069 -1.59548
-1.03432 -1.55633
-0.956019 -1.62158
-0.982119 -1.59548
-0.99517 -1.59548
-1.03432 -1.55633
-1.03432 -1.56938
-0.956019 -1.62158
-1.03432 -1.56938
-1.03432 -1.55633
-0.969069 -1.59548
-0.99517 -1.59548
-0.956019 -1.60853
-0.956019 -1.62158
-0.99517 -1.59548
-1.03432 -1.56938
-0.99517 -1.59548
-0.956019 -1.59548
-1.03432 -1.56938
-0.982119 -1.60853
-1.03432 -1.56938
-1.03432 -1.56938
-1.03432 -1.56938
-0.956019 -1.60853
-0.956019 -1.60853
-1.04737 -1.54328
-1.03432 -1.55633
-1.04737 -1.55633
-1.08652 -1.42583
-1.17787 -1.24312
-1.04737 -1.00822
-1.00822 -1.06042
-0.99517 -1.06042
-0.99517 -1.06042
-1.00822 -1.06042
-1.00822 -1.06042
-1.00822 -1.06042
-0.982119 -1.07347
-1.00822 -1.06042
-1.00822 -1.06042
-1.11262 -1.13872
-1.00822 -1.06042
-0.99517 -1.06042
-0.99517 -1.06042
-1.00822 -1.06042
-0.99517 -1.06042
-1.00822 -1.06042
-0.99517 -1.06042
-1.00822 -1.06042
-1.00822 -1.06042
-1.00822 -1.06042
-1.00822 -1.06042
-1.00822 -1.06042
-1.00822 -1.06042
-1.04737 -1.00822
-1.00822 -1.06042
-0.982119 -1.07347
-1.11262 -1.13872
-1.00822 -1.06042
-1.00822 -1.06042
-0.99517 -1.06042
-1.00822 -1.06042
-0.99517 -1.06042
-1.00822 -1.06042
-1.07347 -1.08652
-0.99517 -1.08652
-1.00822 -1.06042
-0.99517 -1.06042
-0.99517 -1.06042
-1.00822 -1.06042
-1.00822 -1.06042
-1.07347 -1.08652
-1.00822 -1.04737
-1.11262 -1.12567
-0.99517 -1.06042
-1.04737 -1.02127
-1.04737 -1.00822
-1.00822 -1.06042
-1.00822 -1.06042
-1.00822 -1.06042
-1.00822 -1.06042
-0.99517 -1.06042
-0.99517 -1.06042
-0.99517 -1.06042
-0.99517 -1.08652
-1.04737 -1.00822
-1.00822 -1.06042
-1.04737 -1.03432
-1.00822 -1.06042
-1.00822 -1.06042
-1.00822 -1.06042
-1.00822 -1.06042
-1.07347 -1.08652
-1.00822 -1.06042
-1.00822 -1.06042
-1.02127 -1.06042
-0.99517 -1.06042
-0.99517 -1.06042
-1.02127 -1.06042
-1.00822 -1.06042
-1.04737 -1.02127
-1.11262 -1.13872
-1.00822 -1.06042
-1.00822 -1.06042
-0.99517 -1.06042
-1.00822 -1.06042
-1.04737 -1.00822
-1.04737 -1.00822
-1.00822 -1.06042
-1.00822 -1.07347
-1.04737 -1.00822
-1.00822 -1.06042
-1.03432 -1.00822
-1.04737 -1.00822
-1.00822 -1.06042
-1.11262 -1.13872
-1.00822 -1.06042
-1.02127 -1.06042
-1.00822 -1.06042
-0.982119 -1.07347
-1.00822 -1.06042
-0.982119 -1.07347
-0.99517 -1.08652
-0.99517 -1.06042
-1.00822 -1.06042
-1.00822 -1.06042
-1.00822 -1.06042
-1.04737 -0.133853
-1.04737 0.0358006
-1.04737 -0.0555512
-1.04737 0.0358006
-1.04737 0.0358006
-1.04737 0.0488508
-1.03432 -0.120803
-1.03432 -0.107752
-1.04737 0.0358006
-1.04737 0.0358006
-1.04737 0.0227503
-1.03432 -0.107752
-1.04737 0.0488508
-1.04737 0.0358006
-1.04737 0.0358006
-1.04737 0.0358006
-1.04737 0.0358006
-1.04737 0.0358006
-1.04737 0.0358006
-1.04737 0.0488508
-1.04737 0.0358006
-1.04737 0.0358006
-1.04737 0.0358006
-1.03432 0.0358006
-1.04737 0.0358006
-1.03432 -0.0555512
-1.03432 -0.107752
-1.03432 -0.0555512
-1.04737 0.0227503
-1.03432 0.0358006
-1.03432 0.0358006
-1.03432 -0.120803
-1.03432 -0.120803
-1.04737 0.0358006
-1.04737 0.0227503
-1.04737 0.0358006
-1.03432 -0.107752
-1.03432 0.0358006
-1.04737 0.0488508
-1.04737 0.0488508
-1.04737 0.0227503
-1.04737 0.0358006
-1.04737 0.0488508
-1.04737 0.0488508
-1.04737 0.0488508
-1.04737 0.0488508
-1.04737 0.0488508
-1.04737 0.0358006
-1.04737 0.0488508
-1.04737 0.0358006
-1.04737 0.0488508
-1.04737 0.0358006
-1.04737 0.0488508
-1.04737 0.0488508
-1.04737 0.0358006
-1.04737 -0.0294507
-1.03432 -0.107752
-1.04737 0.0358006
-1.04737 0.0488508
-1.04737 -0.0294507
-1.04737 -0.0164005
-3.43557 -0.133853
-3.44862 -0.094702
-3.46167 -0.094702
-3.47472 -0.133853
-3.43557 -0.159953
-3.44862 -0.238255
-3.43557 -0.107752
-3.43557 -0.225205
-3.44862 -0.173004
-3.43557 -0.133853
-3.43557 -0.173004
-3.44862 -0.238255
-3.44862 -0.094702
-3.43557 -0.120803
-3.44862 -0.173004
-3.44862 -0.120803
-3.44862 -0.238255
-3.43557 -0.120803
-3.43557 -0.133853
-3.44862 -0.0816517
-3.44862 -0.225205
-3.44862 -0.173004
-3.44862 -0.094702
-3.46167 -0.094702
-3.43557 -0.238255
-3.44862 -0.173004
-3.44862 -0.094702
-3.43557 -0.225205
-3.44862 -0.238255
-3.43557 -0.133853
-3.46167 -0.094702
-3.44862 -0.094702
-3.47472 -0.120803
-3.43557 -0.133853
-3.43557 -0.173004
-3.43557 -0.133853
-3.46167 -0.094702
-3.47472 -0.133853
-3.43557 -0.107752
-3.42252 -0.107752
-3.43557 -0.225205
-3.44862 -0.238255
-3.46167 -0.094702
-3.44862 -0.094702
-3.47472 -0.120803
-3.44862 -0.120803
-3.46167 -0.094702
-3.40947 -0.107752
-3.42252 -0.120803
-3.43557 -0.120803
-3.47472 -0.120803
-3.43557 -0.133853
-3.43557 -0.107752
-3.43557 -0.173004
-3.47472 -0.133853
-3.44862 -0.238255
-3.44862 -0.094702
-3.47472 -0.120803
-3.44862 -0.094702
-3.44862 -0.120803
-3.43557 -0.133853
-3.44862 -0.120803
-3.43557 -0.120803
-3.44862 -0.094702
-3.43557 -0.225205
-3.47472 -0.120803
-3.42252 -0.120803
-3.43557 -0.133853
-3.44862 -0.120803
-3.43557 -0.133853
-3.42252 -0.107752
-3.44862 -0.094702
-3.42252 -0.094702
-3.43557 -0.146903
-3.42252 -0.120803
-3.43557 -0.133853
-3.42252 -0.107752
-3.42252 -0.120803
-3.46167 -0.0816517
-3.44862 -0.094702
-3.43557 -0.120803
-3.47472 -0.133853
-3.43557 -0.120803
-3.47472 -0.133853
-3.73572 -0.225205
-3.44862 -0.133853
-3.47472 -0.120803
-3.47472 -0.0294507
-3.51387 -0.0686015
-3.48777 -0.0294507
-3.46167 -0.0294507
-3.46167 -0.0294507
-3.46167 -0.173004
-3.46167 -0.133853
-3.44862 -0.120803
-3.44862 -0.094702
-3.43557 -0.146903
-3.46167 -0.120803
-3.43557 -0.094702
-3.43557 -0.094702
-3.43557 -0.120803
-3.44862 -0.120803
-3.44862 -0.173004
-3.50082 -0.173004
-3.65742 0.322906
-3.42252 0.818816
-3.43557 0.753565
-3.43557 0.818816
-3.72267 0.818816
-3.40947 0.857967
-3.44862 0.805766
-3.72267 0.818816
-3.40947 0.844916
-3.42252 0.805766
-3.42252 0.857967
-3.42252 0.818816
-3.43557 0.805766
-3.42252 0.857967
-3.48777 0.779665
-3.42252 0.857967
-3.44862 0.805766
-3.43557 0.805766
-3.42252 0.857967
-3.42252 0.818816
-3.44862 0.805766
-3.40947 0.857967
-3.40947 0.857967
-3.43557 0.818816
-3.44862 0.805766
-3.43557 0.818816
-3.42252 0.844916
-3.44862 0.818816
-3.44862 0.818816
-3.46167 0.818816
-3.44862 0.805766
-3.43557 0.779665
-3.43557 0.805766
-3.40947 0.857967
-3.43557 0.779665
-3.44862 0.818816
-3.44862 0.805766
-3.42252 0.857967
-3.44862 0.818816
-3.42252 0.857967
-3.44862 0.818816
-3.40947 0.923218
