0.0880016 8
0.0829873 7.61577
0.050143 5.09902
0.0661366 6.32456
0.00970005 2
0.00970005 2
0.00970005 2
0.0661366 6.32456
0.0619011 6
-0.0033502 1
0.0389671 4.24264
0.0661366 6.32456
0.0619011 6
0.0619011 6
0.0661366 6.32456
0.0619011 6
0.0661366 6.32456
0.0661366 6.32456
-0.0033502 1
0.0619011 6
0.0619011 6
-0.0033502 1
0.00970005 2
0.00970005 2
0.0749513 7
0.0619011 6
0.0619011 6
0.00970005 2
0.00970005 2
0.00970005 2
0.00970005 2
0.00970005 2
0.00970005 2
0.00970005 2
0.00970005 2
0.00970005 2
0.00970005 2
0.0661366 6.32456
0.0661366 6.32456
0.0661366 6.32456
0.00970005 2
0.0661366 6.32456
0.0661366 6.32456
0.0661366 6.32456
0.0661366 6.32456
0.0661366 6.32456
0.00970005 2
0.0661366 6.32456
0.0661366 6.32456
0.0661366 6.32456
0.00970005 2
0.00970005 2
0.00970005 2
0.00970005 2
0.00970005 2
0.00970005 2
0.00970005 2
0.00970005 2
0.00970005 2
0.00970005 2
0.00970005 2
0.00970005 2
0.00970005 2
0.00970005 2
0.00970005 2
0.00970005 2
0.00970005 2
0.050143 5.09902
0.0661366 6.32456
0.0538773 5.38516
0.101775 9.05539
0.050143 5.09902
0.0127808 2.23607
0.0248681 3.16228
0.0661366 6.32456
0.0629811 6.08276
0.0374071 4.12311
0.0661366 6.32456
0.0488508 5
0.0205112 2.82843
0.0488508 5
0.0629811 6.08276
0.0629811 6.08276
0.0629811 6.08276
0.0629811 6.08276
0.0629811 6.08276
0.50561 40
0.50561 40
0.518819 41.0122
0.499869 39.5601
0.495396 39.2173
0.516747 40.8534
0.512095 40.4969
0.492727 39.0128
0.493228 39.0512
0.492727 39.0128
0.492727 39.0128
0.492727 39.0128
0.493228 39.0512
0.492727 39.0128
0.492727 39.0128
0.492727 39.0128
0.492727 39.0128
0.492727 39.0128
0.492727 39.0128
0.492727 39.0128
0.492727 39.0128
0.492727 39.0128
0.492727 39.0128
0.492727 39.0128
0.492727 39.0128
0.492727 39.0128
0.492727 39.0128
0.492727 39.0128
0.492727 39.0128
0.492727 39.0128
0.492727 39.0128
0.492727 39.0128
0.492727 39.0128
0.492727 39.0128
0.492727 39.0128
0.492727 39.0128
0.492727 39.0128
0.492727 39.0128
0.492727 39.0128
0.492727 39.0128
0.492727 39.0128
0.492727 39.0128
0.492727 39.0128
0.492727 39.0128
0.492727 39.0128
0.492727 39.0128
0.492727 39.0128
0.492727 39.0128
0.492727 39.0128
0.492727 39.0128
0.492727 39.0128
0.492727 39.0128
0.492727 39.0128
0.492727 39.0128
0.492727 39.0128
0.492727 39.0128
0.492727 39.0128
0.492727 39.0128
0.492727 39.0128
0.492727 39.0128
0.492727 39.0128
0.492727 39.0128
0.492727 39.0128
0.492727 39.0128
0.492727 39.0128
0.492727 39.0128
0.492727 39.0128
0.492727 39.0128
0.492727 39.0128
0.492727 39.0128
0.492727 39.0128
0.492727 39.0128
0.492727 39.0128
0.492727 39.0128
0.492727 39.0128
0.492727 39.0128
0.492727 39.0128
0.492727 39.0128
0.492727 39.0128
0.492727 39.0128
0.492727 39.0128
0.492727 39.0128
0.492727 39.0128
0.492727 39.0128
0.492727 39.0128
0.492727 39.0128
0.492727 39.0128
0.492727 39.0128
0.492727 39.0128
0.492727 39.0128
0.492727 39.0128
0.492727 39.0128
0.492727 39.0128
0.492727 39.0128
0.492727 39.0128
0.492727 39.0128
0.492727 39.0128
0.492727 39.0128
0.492727 39.0128
0.492727 39.0128
0.492727 39.0128
0.492727 39.0128
0.492727 39.0128
0.492727 39.0128
0.492727 39.0128
0.492727 39.0128
0.492727 39.0128
0.492727 39.0128
0.492727 39.0128
0.493228 39.0512
0.493228 39.0512
0.493228 39.0512
0.493228 39.0512
0.493228 39.0512
0.493228 39.0512
0.493228 39.0512
0.493228 39.0512
0.493228 39.0512
0.493228 39.0512
0.493228 39.0512
0.493228 39.0512
0.493228 39.0512
0.505773 40.0125
0.493228 39.0512
0.493228 39.0512
0.493228 39.0512
0.493228 39.0512
0.493228 39.0512
0.493228 39.0512
0.493228 39.0512
0.493228 39.0512
0.493228 39.0512
0.493228 39.0512
0.493228 39.0512
0.493228 39.0512
0.493228 39.0512
0.493228 39.0512
0.493228 39.0512
0.493228 39.0512
0.493228 39.0512
0.493228 39.0512
0.493228 39.0512
0.493228 39.0512
0.493228 39.0512
0.493228 39.0512
0.493228 39.0512
0.493228 39.0512
0.493228 39.0512
0.493228 39.0512
0.493228 39.0512
0.493228 39.0512
0.493228 39.0512
0.493228 39.0512
0.493228 39.0512
0.493228 39.0512
0.493228 39.0512
0.493228 39.0512
0.493228 39.0512
0.493228 39.0512
0.493228 39.0512
0.493228 39.0512
0.493228 39.0512
0.493228 39.0512
0.493228 39.0512
0.493228 39.0512
0.493228 39.0512
0.493228 39.0512
0.493228 39.0512
0.493228 39.0512
0.493228 39.0512
0.493228 39.0512
0.493228 39.0512
0.493228 39.0512
0.493228 39.0512
0.493228 39.0512
0.493228 39.0512
0.493228 39.0512
0.493228 39.0512
0.493228 39.0512
0.493228 39.0512
0.493228 39.0512
0.493228 39.0512
0.493228 39.0512
0.493228 39.0512
0.493228 39.0512
0.493228 39.0512
0.493228 39.0512
0.493228 39.0512
0.493228 39.0512
0.493228 39.0512
0.493228 39.0512
0.493228 39.0512
0.493228 39.0512
0.493228 39.0512
0.492727 39.0128
0.493228 39.0512
0.493228 39.0512
0.505936 40.025
1.00686 78.4092
0.982349 76.531
0.984393 76.6877
0.993878 77.4145
0.993878 77.4145
0.982349 76.531
0.982349 76.531
0.982349 76.531
0.982349 76.531
0.982349 76.531
0.982349 76.531
0.982349 76.531
0.982349 76.531
0.982349 76.531
0.982349 76.531
0.982349 76.531
0.982349 76.531
0.982349 76.531
0.982349 76.531
0.982349 76.531
0.982349 76.531
0.982349 76.531
0.982349 76.531
0.982349 76.531
0.982349 76.531
0.982349 76.531
0.982349 76.531
0.982349 76.531
0.982349 76.531
0.982349 76.531
0.982349 76.531
0.982349 76.531
0.980899 76.4199
0.982349 76.531
0.982349 76.531
0.982349 76.531
0.982349 76.531
0.982349 76.531
0.982349 76.531
0.982349 76.531
0.982349 76.531
0.982349 76.531
0.982349 76.531
0.982349 76.531
0.982349 76.531
0.982349 76.531
0.982349 76.531
0.982349 76.531
0.982349 76.531
0.982349 76.531
0.982349 76.531
0.982349 76.531
0.982349 76.531
0.982349 76.531
0.982349 76.531
0.982349 76.531
0.982349 76.531
0.982349 76.531
0.982349 76.531
0.982349 76.531
0.982349 76.531
0.982349 76.531
0.982349 76.531
0.982349 76.531
0.982349 76.531
0.982349 76.531
0.982349 76.531
0.982349 76.531
0.982349 76.531
0.982349 76.531
0.982349 76.531
0.982349 76.531
0.982349 76.531
0.982349 76.531
0.982349 76.531
0.982349 76.531
0.982349 76.531
0.980899 76.4199
0.982349 76.531
0.982349 76.531
0.982349 76.531
0.982349 76.531
0.980899 76.4199
0.982349 76.531
0.982349 76.531
0.982349 76.531
0.982349 76.531
0.982349 76.531
0.982349 76.531
0.993878 77.4145
0.982349 76.531
0.982349 76.531
0.982349 76.531
0.982349 76.531
0.982349 76.531
0.982349 76.531
0.982349 76.531
0.993878 77.4145
0.982349 76.531
0.982349 76.531
0.993878 77.4145
0.982349 76.531
0.982349 76.531
0.982349 76.531
0.982349 76.531
0.982349 76.531
0.982349 76.531
0.982349 76.531
0.982349 76.531
0.982349 76.531
0.982349 76.531
0.982349 76.531
0.982349 76.531
0.982349 76.531
0.980899 76.4199
0.982349 76.531
0.982349 76.531
0.982349 76.531
0.982349 76.531
0.982349 76.531
0.982349 76.531
0.982349 76.531
0.982349 76.531
0.982349 76.531
0.982349 76.531
0.982349 76.531
0.982349 76.531
0.982349 76.531
0.982349 76.531
0.982349 76.531
0.982349 76.531
0.982349 76.531
0.982349 76.531
0.982349 76.531
0.982349 76.531
0.982349 76.531
0.982349 76.531
0.982349 76.531
0.982349 76.531
0.982349 76.531
0.982349 76.531
0.982349 76.531
0.982349 76.531
0.982349 76.531
0.982349 76.531
0.982349 76.531
0.982349 76.531
0.980899 76.4199
0.982349 76.531
0.982349 76.531
0.982349 76.531
0.982349 76.531
0.982349 76.531
0.982349 76.531
0.982349 76.531
0.982349 76.531
0.982349 76.531
0.982349 76.531
0.982349 76.531
0.982349 76.531
0.982349 76.531
0.982349 76.531
0.982349 76.531
0.982349 76.531
0.982349 76.531
0.982349 76.531
0.982349 76.531
0.982349 76.531
0.982349 76.531
0.982349 76.531
0.982349 76.531
0.982349 76.531
0.984393 76.6877
0.984393 76.6877
0.984393 76.6877
0.984393 76.6877
1.01267 78.8543
1.47299 114.127
1.47299 114.127
1.46295 113.358
1.47316 114.14
1.47573 114.337
1.47573 114.337
1.47299 114.127
1.47299 114.127
1.47299 114.127
1.47299 114.127
1.47299 114.127
1.47299 114.127
1.47299 114.127
1.47299 114.127
1.47299 114.127
1.47299 114.127
1.46295 113.358
1.47299 114.127
1.47299 114.127
1.47299 114.127
1.47299 114.127
1.47299 114.127
1.47299 114.127
1.47299 114.127
1.47299 114.127
1.47299 114.127
1.47299 114.127
1.47299 114.127
1.47299 114.127
1.47299 114.127
1.46295 113.358
1.47299 114.127
1.47299 114.127
1.47299 114.127
1.46295 113.358
1.47299 114.127
1.47299 114.127
1.46295 113.358
1.47299 114.127
1.47299 114.127
1.47299 114.127
1.47299 114.127
1.47299 114.127
1.47299 114.127
1.47299 114.127
1.47299 114.127
1.47299 114.127
1.47299 114.127
1.46295 113.358
1.47299 114.127
1.47299 114.127
1.47299 114.127
1.47299 114.127
1.47299 114.127
1.47299 114.127
1.47299 114.127
1.47299 114.127
1.47299 114.127
1.47299 114.127
1.47299 114.127
1.47299 114.127
1.47299 114.127
1.46295 113.358
1.46295 113.358
1.47299 114.127
1.46295 113.358
1.47299 114.127
1.47299 114.127
1.47299 114.127
1.46295 113.358
1.47299 114.127
1.47299 114.127
1.47299 114.127
1.47299 114.127
1.47299 114.127
1.47299 114.127
1.47299 114.127
1.47299 114.127
1.47299 114.127
1.47316 114.14
1.47299 114.127
1.47299 114.127
1.47299 114.127
1.47299 114.127
1.47299 114.127
1.47299 114.127
1.47299 114.127
1.47299 114.127
1.47299 114.127
1.47299 114.127
1.47299 114.127
1.47299 114.127
1.47299 114.127
1.47299 114.127
1.47299 114.127
1.46295 113.358
1.46295 113.358
1.47299 114.127
1.47299 114.127
1.47299 114.127
1.47299 114.127
1.47299 114.127
1.47299 114.127
1.47299 114.127
1.47299 114.127
1.47299 114.127
1.47299 114.127
1.47299 114.127
1.47299 114.127
1.47299 114.127
1.47299 114.127
1.47299 114.127
1.47299 114.127
1.47299 114.127
1.47299 114.127
1.47299 114.127
1.47299 114.127
1.47299 114.127
1.47299 114.127
1.47299 114.127
1.47299 114.127
1.47299 114.127
1.47299 114.127
1.47299 114.127
1.47299 114.127
1.47299 114.127
1.46295 113.358
1.46295 113.358
1.47299 114.127
1.47299 114.127
1.47299 114.127
1.47299 114.127
1.47299 114.127
1.47299 114.127
1.47299 114.127
1.47299 114.127
1.47299 114.127
1.47299 114.127
1.47299 114.127
1.46295 113.358
1.47299 114.127
1.47299 114.127
1.47299 114.127
1.47299 114.127
1.47299 114.127
1.47299 114.127
1.47299 114.127
1.46295 113.358
1.47299 114.127
1.47299 114.127
1.47299 114.127
1.47299 114.127
1.47299 114.127
1.47299 114.127
1.47299 114.127
1.47299 114.127
1.47299 114.127
1.47299 114.127
1.47299 114.127
1.47299 114.127
1.47299 114.127
1.47299 114.127
1.47299 114.127
1.47299 114.127
1.47299 114.127
1.47299 114.127
1.47299 114.127
1.46295 113.358
1.47299 114.127
1.47299 114.127
1.47299 114.127
1.47299 114.127
1.47299 114.127
1.47299 114.127
1.47299 114.127
1.47299 114.127
1.47573 114.337
1.47573 114.337
1.47573 114.337
1.47573 114.337
1.54495 119.641
1.94153 150.03
1.94153 150.03
1.94153 150.03
1.94153 150.03
1.94153 150.03
1.94153 150.03
1.94153 150.03
1.94153 150.03
1.95315 150.921
1.94153 150.03
1.94153 150.03
1.94153 150.03
1.94153 150.03
1.94153 150.03
1.94153 150.03
1.95315 150.921
1.95315 150.921
1.94153 150.03
1.94153 150.03
1.94153 150.03
1.94153 150.03
1.94418 150.233
1.94153 150.03
1.94418 150.233
1.95112 150.765
1.94153 150.03
1.94153 150.03
1.94418 150.233
1.94153 150.03
1.95112 150.765
1.94153 150.03
1.94153 150.03
1.94418 150.233
1.94153 150.03
1.95112 150.765
1.94153 150.03
1.94153 150.03
1.94153 150.03
1.94153 150.03
1.94153 150.03
1.94418 150.233
1.94418 150.233
1.95112 150.765
1.94153 150.03
1.95315 150.921
1.94153 150.03
1.95112 150.765
1.94418 150.233
1.95112 150.765
1.95112 150.765
1.94418 150.233
1.95315 150.921
1.95112 150.765
1.94418 150.233
1.94153 150.03
1.94418 150.233
1.94153 150.03
1.94153 150.03
1.94153 150.03
1.95112 150.765
1.95112 150.765
1.95315 150.921
1.94153 150.03
1.94153 150.03
1.94418 150.233
1.94153 150.03
1.95112 150.765
1.95315 150.921
1.94153 150.03
1.95315 150.921
1.94418 150.233
1.94153 150.03
1.95315 150.921
1.95112 150.765
1.94153 150.03
1.95112 150.765
1.94153 150.03
1.95315 150.921
1.95315 150.921
1.94153 150.03
1.94153 150.03
1.95315 150.921
1.94153 150.03
1.95112 150.765
1.94153 150.03
1.95315 150.921
1.94153 150.03
1.94153 150.03
1.95432 151.01
1.94153 150.03
1.94153 150.03
1.95315 150.921
1.94153 150.03
1.94153 150.03
1.94153 150.03
1.94153 150.03
1.94418 150.233
1.94153 150.03
1.94418 150.233
1.94153 150.03
1.94153 150.03
1.94418 150.233
1.94153 150.03
1.94153 150.03
1.94153 150.03
1.95315 150.921
1.94153 150.03
1.94153 150.03
1.94153 150.03
1.94153 150.03
1.94153 150.03
1.94153 150.03
1.94027 149.933
1.95112 150.765
1.94153 150.03
1.95112 150.765
1.95112 150.765
1.95315 150.921
1.94153 150.03
1.94153 150.03
1.94153 150.03
1.94153 150.03
1.95112 150.765
1.94153 150.03
1.94153 150.03
1.94153 150.03
1.95112 150.765
1.94153 150.03
1.94153 150.03
1.95112 150.765
1.94153 150.03
1.94153 150.03
1.95315 150.921
1.94153 150.03
1.94153 150.03
1.95112 150.765
1.94418 150.233
1.94153 150.03
1.95315 150.921
1.94418 150.233
1.94418 150.233
2.42943 187.417
2.42012 186.703
2.42943 187.417
2.42943 187.417
2.42943 187.417
2.42943 187.417
2.42943 187.417
2.42943 187.417
2.42943 187.417
2.42943 187.417
2.42943 187.417
2.42943 187.417
2.42943 187.417
2.42943 187.417
2.42943 187.417
2.42943 187.417
2.42943 187.417
2.42943 187.417
2.42943 187.417
2.42943 187.417
2.42943 187.417
2.41757 186.507
2.42012 186.703
2.42943 187.417
2.42943 187.417
2.42943 187.417
2.42943 187.417
2.42943 187.417
2.42943 187.417
2.42943 187.417
2.42943 187.417
2.42943 187.417
2.42012 186.703
2.42943 187.417
2.42943 187.417
2.42012 186.703
2.42943 187.417
2.42943 187.417
2.43156 187.579
2.42943 187.417
2.42943 187.417
2.42943 187.417
2.42943 187.417
2.42943 187.417
2.42943 187.417
2.42943 187.417
2.42943 187.417
2.42943 187.417
2.42738 187.259
2.42943 187.417
2.42943 187.417
2.42943 187.417
2.42943 187.417
2.42943 187.417
2.42943 187.417
2.42943 187.417
2.42943 187.417
2.42943 187.417
2.42943 187.417
2.42738 187.259
2.42943 187.417
2.42943 187.417
2.42012 186.703
2.42943 187.417
2.42943 187.417
2.41757 186.507
2.42943 187.417
2.42943 187.417
2.42943 187.417
2.42943 187.417
2.42943 187.417
2.42943 187.417
2.42943 187.417
2.42943 187.417
2.42943 187.417
2.42943 187.417
2.42943 187.417
2.42943 187.417
2.42943 187.417
2.42943 187.417
2.42943 187.417
2.42943 187.417
2.42943 187.417
2.42943 187.417
2.42943 187.417
2.42943 187.417
2.42943 187.417
2.42943 187.417
2.42943 187.417
2.42943 187.417
2.42943 187.417
2.42943 187.417
2.42943 187.417
2.42943 187.417
2.42943 187.417
2.42012 186.703
2.42943 187.417
2.42943 187.417
2.42943 187.417
2.42943 187.417
2.42943 187.417
2.42943 187.417
2.42943 187.417
2.42943 187.417
2.42943 187.417
2.42943 187.417
2.42943 187.417
2.42943 187.417
2.42943 187.417
2.42943 187.417
2.42943 187.417
2.42943 187.417
2.42943 187.417
2.42943 187.417
2.42943 187.417
2.42943 187.417
2.42943 187.417
2.42943 187.417
2.42943 187.417
2.42943 187.417
2.42943 187.417
2.42943 187.417
2.41757 186.507
2.42943 187.417
2.42943 187.417
2.42943 187.417
2.42943 187.417
2.42943 187.417
2.43291 187.683
2.43291 187.683
2.52505 194.743
2.90785 224.076
2.90785 224.076
2.91003 224.243
2.91151 224.357
2.90785 224.076
2.90785 224.076
2.90785 224.076
2.89872 223.376
2.91003 224.243
2.91003 224.243
2.91003 224.243
2.91003 224.243
2.91003 224.243
2.91003 224.243
2.90785 224.076
2.91003 224.243
2.91003 224.243
2.91003 224.243
2.91003 224.243
2.91003 224.243
2.91003 224.243
2.91151 224.357
2.90785 224.076
2.93148 225.887
2.91003 224.243
2.91003 224.243
2.93148 225.887
2.91003 224.243
2.91003 224.243
2.91003 224.243
2.91151 224.357
2.89942 223.43
2.91151 224.357
2.91003 224.243
2.90785 224.076
2.90785 224.076
2.91003 224.243
2.90785 224.076
2.91003 224.243
2.91003 224.243
2.89872 223.376
2.91003 224.243
2.91003 224.243
2.91151 224.357
2.91003 224.243
2.91151 224.357
2.93148 225.887
2.90785 224.076
2.91151 224.357
2.91003 224.243
2.90785 224.076
2.91003 224.243
2.91151 224.357
2.91003 224.243
2.91003 224.243
2.90785 224.076
2.91003 224.243
2.90785 224.076
2.91003 224.243
2.91003 224.243
2.91003 224.243
2.91003 224.243
2.91003 224.243
2.91003 224.243
2.91003 224.243
2.91003 224.243
2.91151 224.357
2.91003 224.243
2.93148 225.887
2.91003 224.243
2.91003 224.243
2.91003 224.243
2.93148 225.887
2.91151 224.357
2.90785 224.076
2.91003 224.243
2.91003 224.243
2.91003 224.243
2.91003 224.243
2.91003 224.243
2.91151 224.357
2.91003 224.243
2.90785 224.076
2.91003 224.243
2.91003 224.243
2.91003 224.243
2.91003 224.243
2.93148 225.887
2.90785 224.076
2.90785 224.076
2.90785 224.076
2.91003 224.243
2.89872 223.376
2.91151 224.357
2.93148 225.887
2.91003 224.243
2.91003 224.243
2.91003 224.243
2.90785 224.076
2.91003 224.243
2.91003 224.243
2.93148 225.887
2.91003 224.243
2.91151 224.357
2.91003 224.243
2.91003 224.243
2.91003 224.243
2.91003 224.243
2.93148 225.887
2.91151 224.357
2.91151 224.357
2.91003 224.243
2.91003 224.243
2.91003 224.243
2.91151 224.357
2.91151 224.357
2.93148 225.887
2.93148 225.887
2.91003 224.243
2.91003 224.243
2.93148 225.887
2.91003 224.243
2.89872 223.376
2.91003 224.243
2.90785 224.076
2.91003 224.243
2.91003 224.243
2.91003 224.243
2.91003 224.243
2.91003 224.243
2.91003 224.243
2.91003 224.243
2.91003 224.243
2.89872 223.376
2.91003 224.243
2.91151 224.357
2.91003 224.243
2.91151 224.357
2.91003 224.243
2.90785 224.076
2.91003 224.243
2.91003 224.243
2.93148 225.887
2.91151 224.357
2.90785 224.076
2.93148 225.887
2.90785 224.076
2.91003 224.243
2.91003 224.243
2.93148 225.887
2.91003 224.243
2.91003 224.243
2.91003 224.243
2.91003 224.243
2.91003 224.243
2.91003 224.243
2.91151 224.357
2.91003 224.243
2.91151 224.357
2.91003 224.243
2.91151 224.357
2.91151 224.357
3.00366 231.417
3.37569 259.925
3.37732 260.05
3.37569 259.925
3.37478 259.856
3.38631 260.739
3.38631 260.739
3.38631 260.739
3.38631 260.739
3.38631 260.739
3.37478 259.856
3.37569 259.925
3.36986 259.478
3.37569 259.925
3.37569 259.925
3.37478 259.856
3.37569 259.925
3.37732 260.05
3.37732 260.05
3.37732 260.05
3.37732 260.05
3.37732 260.05
3.37569 259.925
3.37732 260.05
3.37732 260.05
3.37569 259.925
3.37732 260.05
3.37569 259.925
3.37732 260.05
3.37732 260.05
3.37732 260.05
3.37569 259.925
3.37569 259.925
3.37478 259.856
3.37345 259.754
3.37478 259.856
3.37569 259.925
3.37732 260.05
3.37732 260.05
3.37732 260.05
3.37732 260.05
3.37732 260.05
3.37732 260.05
3.37732 260.05
3.37732 260.05
3.37569 259.925
3.37478 259.856
3.37732 260.05
3.37732 260.05
3.37732 260.05
3.37732 260.05
3.37732 260.05
3.37569 259.925
3.37732 260.05
3.37732 260.05
3.37732 260.05
3.37732 260.05
3.37478 259.856
3.37732 260.05
3.37732 260.05
3.37732 260.05
3.37569 259.925
3.37732 260.05
3.37732 260.05
3.37569 259.925
3.38414 260.572
3.36986 259.478
3.37732 260.05
3.37732 260.05
3.37732 260.05
3.37732 260.05
3.38631 260.739
3.37732 260.05
3.37732 260.05
3.37732 260.05
3.37732 260.05
3.37732 260.05
3.37732 260.05
3.37732 260.05
3.37732 260.05
3.37732 260.05
3.37732 260.05
3.37732 260.05
3.38631 260.739
3.37732 260.05
3.37732 260.05
3.37732 260.05
3.37732 260.05
3.37732 260.05
3.37732 260.05
3.37732 260.05
3.37732 260.05
3.37732 260.05
3.37732 260.05
3.38414 260.572
3.37732 260.05
3.38631 260.739
3.37732 260.05
3.38631 260.739
3.37732 260.05
3.38631 260.739
3.37732 260.05
3.37732 260.05
3.37732 260.05
3.37732 260.05
3.37732 260.05
3.37732 260.05
3.37732 260.05
3.37732 260.05
3.38631 260.739
3.38631 260.739
3.38631 260.739
3.37732 260.05
3.37732 260.05
3.37732 260.05
3.37732 260.05
3.37732 260.05
3.38414 260.572
3.37732 260.05
3.37732 260.05
3.37732 260.05
3.37732 260.05
3.38631 260.739
3.37732 260.05
3.37732 260.05
3.37732 260.05
3.37732 260.05
3.38631 260.739
3.37732 260.05
3.38854 260.91
3.37732 260.05
3.38631 260.739
3.37732 260.05
3.37732 260.05
3.37732 260.05
3.37732 260.05
3.37732 260.05
3.37732 260.05
3.39012 261.031
3.49761 269.268
3.85592 296.724
3.84974 296.25
3.84974 296.25
3.84974 296.25
3.84312 295.743
3.84312 295.743
3.85592 296.724
3.85196 296.42
3.84974 296.25
3.83564 295.169
3.85196 296.42
3.85196 296.42
3.84058 295.549
3.8626 297.236
3.85196 296.42
3.84974 296.25
3.85196 296.42
3.84974 296.25
3.84974 296.25
3.85196 296.42
3.85196 296.42
3.85196 296.42
3.85196 296.42
3.85196 296.42
3.85196 296.42
3.85592 296.724
3.84974 296.25
3.85423 296.594
3.85592 296.724
3.85592 296.724
3.85592 296.724
3.85196 296.42
3.84974 296.25
3.85196 296.42
3.85196 296.42
3.85196 296.42
3.84974 296.25
3.85196 296.42
3.85196 296.42
3.84058 295.549
3.85196 296.42
3.84974 296.25
3.85196 296.42
3.85196 296.42
3.8626 297.236
3.84974 296.25
3.85196 296.42
3.85196 296.42
3.85196 296.42
3.85196 296.42
3.85196 296.42
3.85592 296.724
3.85196 296.42
3.85196 296.42
3.85196 296.42
3.85196 296.42
3.85196 296.42
3.85196 296.42
3.85196 296.42
3.85196 296.42
3.85196 296.42
3.85592 296.724
3.85592 296.724
3.85592 296.724
3.85592 296.724
3.83564 295.169
3.85196 296.42
3.85592 296.724
3.85592 296.724
3.85592 296.724
3.85196 296.42
3.85196 296.42
3.85196 296.42
3.85196 296.42
3.85196 296.42
3.85196 296.42
3.8509 296.339
3.85196 296.42
3.85196 296.42
3.85196 296.42
3.84974 296.25
3.85592 296.724
3.85196 296.42
3.85196 296.42
3.85592 296.724
3.85196 296.42
3.85196 296.42
3.85339 296.53
3.84974 296.25
3.84974 296.25
3.85196 296.42
3.85196 296.42
3.85196 296.42
3.85196 296.42
3.85196 296.42
3.85196 296.42
3.85196 296.42
3.84974 296.25
3.85592 296.724
3.84058 295.549
3.85196 296.42
3.85196 296.42
3.85196 296.42
3.85423 296.594
3.85196 296.42
3.85196 296.42
3.85196 296.42
3.85196 296.42
3.85196 296.42
3.85196 296.42
3.85196 296.42
3.85592 296.724
3.85196 296.42
3.85196 296.42
3.85592 296.724
3.85592 296.724
3.85592 296.724
3.85592 296.724
3.85592 296.724
3.85196 296.42
3.85196 296.42
3.85196 296.42
3.85592 296.724
3.84756 296.083
3.85196 296.42
3.85196 296.42
3.84974 296.25
3.84058 295.549
3.85196 296.42
3.84974 296.25
3.85423 296.594
3.85592 296.724
3.85592 296.724
3.86872 297.705
4.31764 332.104
4.31538 331.931
4.32955 333.017
4.31919 332.223
4.32824 332.916
4.32824 332.916
4.32824 332.916
4.31764 332.104
4.32824 332.916
4.31919 332.223
4.32824 332.916
4.31919 332.223
4.31538 331.931
4.31919 332.223
4.31538 331.931
4.31919 332.223
4.31764 332.104
4.31919 332.223
4.31919 332.223
4.31919 332.223
4.31919 332.223
4.31764 332.104
4.31919 332.223
4.32173 332.417
4.32824 332.916
4.31919 332.223
4.31919 332.223
4.31919 332.223
4.32824 332.916
4.31919 332.223
4.31764 332.104
4.30252 330.946
4.31919 332.223
4.33049 333.089
4.32955 333.017
4.30944 331.475
4.32824 332.916
4.31538 331.931
4.31919 332.223
4.31919 332.223
4.32824 332.916
4.32955 333.017
4.31424 331.843
4.31919 332.223
4.31424 331.843
4.32824 332.916
4.31919 332.223
4.31538 331.931
4.31919 332.223
4.33049 333.089
4.31919 332.223
4.31919 332.223
4.32824 332.916
4.31919 332.223
4.31919 332.223
4.31919 332.223
4.31919 332.223
4.31919 332.223
4.31538 331.931
4.31919 332.223
4.31538 331.931
4.31994 332.28
4.31919 332.223
4.31764 332.104
4.33049 333.089
4.31919 332.223
4.31919 332.223
4.31919 332.223
4.31764 332.104
4.32824 332.916
4.32173 332.417
4.31919 332.223
4.33049 333.089
4.31919 332.223
4.32824 332.916
4.31994 332.28
4.32824 332.916
4.31919 332.223
4.31919 332.223
4.31919 332.223
4.3167 332.032
4.31764 332.104
4.32824 332.916
4.31919 332.223
4.32824 332.916
4.32824 332.916
4.31919 332.223
4.31919 332.223
4.31919 332.223
4.31538 331.931
4.32824 332.916
4.3167 332.032
4.31919 332.223
4.31919 332.223
4.31919 332.223
4.31919 332.223
4.31919 332.223
4.31919 332.223
4.3167 332.032
4.32824 332.916
4.31919 332.223
4.31764 332.104
4.31919 332.223
4.31919 332.223
4.31919 332.223
4.31424 331.843
4.32824 332.916
4.31919 332.223
4.32824 332.916
4.31919 332.223
4.32173 332.417
4.31919 332.223
4.32173 332.417
4.34732 334.379
4.52653 348.111
4.78499 367.916
4.78499 367.916
4.78334 367.789
4.78334 367.789
4.78499 367.916
4.78499 367.916
4.78106 367.614
4.78334 367.789
4.78334 367.789
4.79391 368.599
4.79391 368.599
4.78499 367.916
4.78334 367.789
4.78499 367.916
4.78334 367.789
4.78499 367.916
4.79391 368.599
4.78499 367.916
4.78334 367.789
4.78499 367.916
4.79619 368.774
4.78499 367.916
4.78499 367.916
4.78499 367.916
4.79619 368.774
4.78499 367.916
4.78499 367.916
4.78499 367.916
4.78499 367.916
